alpha,beta,eta,lambda,epsilon,gamma,iota,delta,mu,omicron,alpha_rel,beta_rel,eta_rel,lambda_rel,epsilon_rel,gamma_rel,iota_rel,delta_rel,mu_rel,omicron_rel,other,other_rel,sum,ba1,ba1_rel,ba2,ba2_rel,ba3,ba3_rel,date
0.0,0.0,0.0,0.0,0.0,0.0,0.0,0.0,0.0,0.6666666666666666,0.0,0.0,0.0,0.0,0.0,0.0,0.0,0.0,0.0,0.6666666666666666,0.3333333333333333,0.3333333333333333,1.0,0.6666666666666666,0.6666666666666666,0.0,0.0,0.0,0.0,2020-01-29
0.0,0.0,0.0,0.0,0.0,0.0,0.0,0.0,0.0,0.3333333333333333,0.0,0.0,0.0,0.0,0.0,0.0,0.0,0.0,0.0,0.3333333333333333,0.6666666666666666,0.6666666666666666,1.0,0.3333333333333333,0.3333333333333333,0.0,0.0,0.0,0.0,2020-01-30
0.0,0.0,0.0,0.0,0.0,0.0,0.0,0.0,0.0,0.0,0.0,0.0,0.0,0.0,0.0,0.0,0.0,0.0,0.0,0.0,1.0,1.0,1.0,0.0,0.0,0.0,0.0,0.0,0.0,2020-01-31
0.0,0.0,0.0,0.0,0.0,0.0,0.0,0.0,0.0,0.0,0.0,0.0,0.0,0.0,0.0,0.0,0.0,0.0,0.0,0.0,1.0,1.0,1.0,0.0,0.0,0.0,0.0,0.0,0.0,2020-02-02
0.0,0.0,0.0,0.0,0.0,0.0,0.0,0.0,0.0,0.0,0.0,0.0,0.0,0.0,0.0,0.0,0.0,0.0,0.0,0.0,1.3333333333333333,1.0,1.3333333333333333,0.0,0.0,0.0,0.0,0.0,0.0,2020-02-23
0.0,0.0,0.0,0.0,0.0,0.0,0.0,0.0,0.0,0.0,0.0,0.0,0.0,0.0,0.0,0.0,0.0,0.0,0.0,0.0,1.3333333333333333,1.0,1.3333333333333333,0.0,0.0,0.0,0.0,0.0,0.0,2020-02-27
0.3333333333333333,0.0,0.0,0.0,0.0,0.0,0.0,0.0,0.0,0.0,0.3333333333333333,0.0,0.0,0.0,0.0,0.0,0.0,0.0,0.0,0.0,1.0,0.6666666666666666,1.3333333333333333,0.0,0.0,0.0,0.0,0.0,0.0,2020-02-28
0.3333333333333333,0.0,0.0,0.0,0.0,0.0,0.0,0.0,0.0,0.0,0.3333333333333333,0.0,0.0,0.0,0.0,0.0,0.0,0.0,0.0,0.0,0.6666666666666666,0.6666666666666666,1.0,0.0,0.0,0.0,0.0,0.0,0.0,2020-03-01
0.3333333333333333,0.0,0.0,0.0,0.0,0.0,0.0,0.0,0.0,0.0,0.3333333333333333,0.0,0.0,0.0,0.0,0.0,0.0,0.0,0.0,0.0,1.3333333333333333,0.6666666666666666,1.6666666666666667,0.0,0.0,0.0,0.0,0.0,0.0,2020-03-02
0.0,0.0,0.0,0.0,0.0,0.0,0.0,0.0,0.0,0.0,0.0,0.0,0.0,0.0,0.0,0.0,0.0,0.0,0.0,0.0,1.6666666666666667,1.0,1.6666666666666667,0.0,0.0,0.0,0.0,0.0,0.0,2020-03-03
0.0,0.0,0.0,0.0,0.0,0.0,0.0,0.0,0.0,0.0,0.0,0.0,0.0,0.0,0.0,0.0,0.0,0.0,0.0,0.0,3.0,1.0,3.0,0.0,0.0,0.0,0.0,0.0,0.0,2020-03-04
0.0,0.0,0.0,0.0,0.0,0.0,0.0,0.0,0.0,0.0,0.0,0.0,0.0,0.0,0.0,0.0,0.0,0.0,0.0,0.0,2.6666666666666665,1.0,2.6666666666666665,0.0,0.0,0.0,0.0,0.0,0.0,2020-03-05
0.0,0.0,0.0,0.0,0.0,0.0,0.0,0.0,0.0,0.0,0.0,0.0,0.0,0.0,0.0,0.0,0.0,0.0,0.0,0.0,5.0,1.0,5.0,0.0,0.0,0.0,0.0,0.0,0.0,2020-03-06
0.0,0.0,0.0,0.0,0.0,0.0,0.0,0.0,0.0,0.0,0.0,0.0,0.0,0.0,0.0,0.0,0.0,0.0,0.0,0.0,3.6666666666666665,1.0,3.6666666666666665,0.0,0.0,0.0,0.0,0.0,0.0,2020-03-07
0.0,0.0,0.0,0.0,0.0,0.0,0.0,0.0,0.0,0.0,0.0,0.0,0.0,0.0,0.0,0.0,0.0,0.0,0.0,0.0,4.0,1.0,4.0,0.0,0.0,0.0,0.0,0.0,0.0,2020-03-08
0.0,0.0,0.0,0.0,0.0,0.0,0.0,0.0,0.0,0.0,0.0,0.0,0.0,0.0,0.0,0.0,0.0,0.0,0.0,0.0,3.6666666666666665,1.0,3.6666666666666665,0.0,0.0,0.0,0.0,0.0,0.0,2020-03-09
0.0,0.0,0.0,0.0,0.0,0.0,0.0,0.0,0.0,0.0,0.0,0.0,0.0,0.0,0.0,0.0,0.0,0.0,0.0,0.0,4.0,1.0,4.0,0.0,0.0,0.0,0.0,0.0,0.0,2020-03-10
0.0,0.0,0.0,0.0,0.0,0.0,0.0,0.0,0.0,0.0,0.0,0.0,0.0,0.0,0.0,0.0,0.0,0.0,0.0,0.0,7.666666666666667,1.0,7.666666666666667,0.0,0.0,0.0,0.0,0.0,0.0,2020-03-11
0.0,0.0,0.0,0.0,0.0,0.0,0.0,0.0,0.0,0.0,0.0,0.0,0.0,0.0,0.0,0.0,0.0,0.0,0.0,0.0,6.0,1.0,6.0,0.0,0.0,0.0,0.0,0.0,0.0,2020-03-12
0.0,0.0,0.0,0.0,0.0,0.0,0.0,0.0,0.0,0.0,0.0,0.0,0.0,0.0,0.0,0.0,0.0,0.0,0.0,0.0,6.666666666666667,1.0,6.666666666666667,0.0,0.0,0.0,0.0,0.0,0.0,2020-03-13
0.0,0.0,0.0,0.0,0.0,0.0,0.0,0.0,0.0,0.0,0.0,0.0,0.0,0.0,0.0,0.0,0.0,0.0,0.0,0.0,3.3333333333333335,1.0,3.3333333333333335,0.0,0.0,0.0,0.0,0.0,0.0,2020-03-14
0.0,0.0,0.0,0.0,0.0,0.0,0.0,0.0,0.0,0.0,0.0,0.0,0.0,0.0,0.0,0.0,0.0,0.0,0.0,0.0,4.0,1.0,4.0,0.0,0.0,0.0,0.0,0.0,0.0,2020-03-15
0.0,0.0,0.0,0.0,0.0,0.0,0.0,0.0,0.0,0.0,0.0,0.0,0.0,0.0,0.0,0.0,0.0,0.0,0.0,0.0,5.0,1.0,5.0,0.0,0.0,0.0,0.0,0.0,0.0,2020-03-16
0.0,0.0,0.0,0.0,0.0,0.0,0.0,0.0,0.0,0.0,0.0,0.0,0.0,0.0,0.0,0.0,0.0,0.0,0.0,0.0,5.0,1.0,5.0,0.0,0.0,0.0,0.0,0.0,0.0,2020-03-17
0.0,0.0,0.0,0.0,0.0,0.0,0.0,0.0,0.0,0.0,0.0,0.0,0.0,0.0,0.0,0.0,0.0,0.0,0.0,0.0,6.0,1.0,6.0,0.0,0.0,0.0,0.0,0.0,0.0,2020-03-18
0.0,0.0,0.0,0.0,0.0,0.0,0.0,0.0,0.0,0.0,0.0,0.0,0.0,0.0,0.0,0.0,0.0,0.0,0.0,0.0,5.333333333333333,1.0,5.333333333333333,0.0,0.0,0.0,0.0,0.0,0.0,2020-03-19
0.0,0.0,0.0,0.0,0.0,0.0,0.0,0.0,0.0,0.0,0.0,0.0,0.0,0.0,0.0,0.0,0.0,0.0,0.0,0.0,5.333333333333333,1.0,5.333333333333333,0.0,0.0,0.0,0.0,0.0,0.0,2020-03-20
0.0,0.0,0.0,0.0,0.0,0.0,0.0,0.0,0.0,0.0,0.0,0.0,0.0,0.0,0.0,0.0,0.0,0.0,0.0,0.0,5.0,1.0,5.0,0.0,0.0,0.0,0.0,0.0,0.0,2020-03-21
0.0,0.0,0.0,0.0,0.0,0.0,0.0,0.0,0.0,0.0,0.0,0.0,0.0,0.0,0.0,0.0,0.0,0.0,0.0,0.0,4.0,1.0,4.0,0.0,0.0,0.0,0.0,0.0,0.0,2020-03-22
0.0,0.0,0.0,0.0,0.0,0.0,0.0,0.0,0.0,0.0,0.0,0.0,0.0,0.0,0.0,0.0,0.0,0.0,0.0,0.0,6.0,1.0,6.0,0.0,0.0,0.0,0.0,0.0,0.0,2020-03-23
0.0,0.0,0.0,0.0,0.0,0.0,0.0,0.0,0.0,0.0,0.0,0.0,0.0,0.0,0.0,0.0,0.0,0.0,0.0,0.0,8.666666666666666,1.0,8.666666666666666,0.0,0.0,0.0,0.0,0.0,0.0,2020-03-24
0.0,0.0,0.0,0.0,0.0,0.0,0.0,0.0,0.0,0.0,0.0,0.0,0.0,0.0,0.0,0.0,0.0,0.0,0.0,0.0,11.0,1.0,11.0,0.0,0.0,0.0,0.0,0.0,0.0,2020-03-25
0.0,0.0,0.0,0.0,0.0,0.0,0.0,0.0,0.0,0.0,0.0,0.0,0.0,0.0,0.0,0.0,0.0,0.0,0.0,0.0,10.666666666666666,1.0,10.666666666666666,0.0,0.0,0.0,0.0,0.0,0.0,2020-03-26
0.0,0.0,0.0,0.0,0.0,0.0,0.0,0.0,0.0,0.0,0.0,0.0,0.0,0.0,0.0,0.0,0.0,0.0,0.0,0.0,7.333333333333333,1.0,7.333333333333333,0.0,0.0,0.0,0.0,0.0,0.0,2020-03-28
0.0,0.0,0.0,0.0,0.0,0.0,0.0,0.0,0.0,0.0,0.0,0.0,0.0,0.0,0.0,0.0,0.0,0.0,0.0,0.0,6.0,1.0,6.0,0.0,0.0,0.0,0.0,0.0,0.0,2020-03-29
0.0,0.0,0.0,0.0,0.0,0.0,0.0,0.0,0.0,0.0,0.0,0.0,0.0,0.0,0.0,0.0,0.0,0.0,0.0,0.0,5.666666666666667,1.0,5.666666666666667,0.0,0.0,0.0,0.0,0.0,0.0,2020-03-30
0.0,0.0,0.0,0.0,0.0,0.0,0.0,0.0,0.0,0.0,0.0,0.0,0.0,0.0,0.0,0.0,0.0,0.0,0.0,0.0,5.666666666666667,1.0,5.666666666666667,0.0,0.0,0.0,0.0,0.0,0.0,2020-04-01
0.0,0.0,0.0,0.0,0.0,0.0,0.0,0.0,0.0,0.0,0.0,0.0,0.0,0.0,0.0,0.0,0.0,0.0,0.0,0.0,6.0,1.0,6.0,0.0,0.0,0.0,0.0,0.0,0.0,2020-04-02
0.0,0.0,0.0,0.0,0.0,0.0,0.0,0.0,0.0,0.0,0.0,0.0,0.0,0.0,0.0,0.0,0.0,0.0,0.0,0.0,4.333333333333333,1.0,4.333333333333333,0.0,0.0,0.0,0.0,0.0,0.0,2020-04-03
0.0,0.0,0.0,0.0,0.0,0.0,0.0,0.0,0.0,0.0,0.0,0.0,0.0,0.0,0.0,0.0,0.0,0.0,0.0,0.0,4.0,1.0,4.0,0.0,0.0,0.0,0.0,0.0,0.0,2020-04-06
0.0,0.0,0.0,0.0,0.0,0.0,0.0,0.0,0.0,0.0,0.0,0.0,0.0,0.0,0.0,0.0,0.0,0.0,0.0,0.0,2.6666666666666665,1.0,2.6666666666666665,0.0,0.0,0.0,0.0,0.0,0.0,2020-04-07
0.0,0.0,0.0,0.0,0.0,0.0,0.0,0.0,0.0,0.0,0.0,0.0,0.0,0.0,0.0,0.0,0.0,0.0,0.0,0.0,2.6666666666666665,1.0,2.6666666666666665,0.0,0.0,0.0,0.0,0.0,0.0,2020-04-09
0.0,0.0,0.0,0.0,0.0,0.0,0.0,0.0,0.0,0.0,0.0,0.0,0.0,0.0,0.0,0.0,0.0,0.0,0.0,0.0,2.3333333333333335,1.0,2.3333333333333335,0.0,0.0,0.0,0.0,0.0,0.0,2020-04-11
0.0,0.0,0.0,0.0,0.0,0.0,0.0,0.0,0.0,0.0,0.0,0.0,0.0,0.0,0.0,0.0,0.0,0.0,0.0,0.0,2.3333333333333335,1.0,2.3333333333333335,0.0,0.0,0.0,0.0,0.0,0.0,2020-04-13
0.0,0.0,0.0,0.0,0.0,0.0,0.0,0.0,0.0,0.0,0.0,0.0,0.0,0.0,0.0,0.0,0.0,0.0,0.0,0.0,2.0,1.0,2.0,0.0,0.0,0.0,0.0,0.0,0.0,2020-04-16
0.0,0.0,0.0,0.0,0.0,0.0,0.0,0.0,0.0,0.0,0.0,0.0,0.0,0.0,0.0,0.0,0.0,0.0,0.0,0.0,1.6666666666666667,1.0,1.6666666666666667,0.0,0.0,0.0,0.0,0.0,0.0,2020-04-17
0.0,0.0,0.0,0.0,0.0,0.0,0.0,0.0,0.0,0.0,0.0,0.0,0.0,0.0,0.0,0.0,0.0,0.0,0.0,0.0,3.0,1.0,3.0,0.0,0.0,0.0,0.0,0.0,0.0,2020-04-18
0.0,0.0,0.0,0.0,0.0,0.0,0.0,0.0,0.0,0.0,0.0,0.0,0.0,0.0,0.0,0.0,0.0,0.0,0.0,0.0,4.0,1.0,4.0,0.0,0.0,0.0,0.0,0.0,0.0,2020-04-20
0.0,0.0,0.0,0.0,0.0,0.0,0.0,0.0,0.0,0.0,0.0,0.0,0.0,0.0,0.0,0.0,0.0,0.0,0.0,0.0,5.0,1.0,5.0,0.0,0.0,0.0,0.0,0.0,0.0,2020-04-21
0.0,0.0,0.0,0.0,0.0,0.0,0.0,0.0,0.0,0.0,0.0,0.0,0.0,0.0,0.0,0.0,0.0,0.0,0.0,0.0,3.6666666666666665,1.0,3.6666666666666665,0.0,0.0,0.0,0.0,0.0,0.0,2020-04-23
0.0,0.0,0.0,0.0,0.0,0.0,0.0,0.0,0.0,0.0,0.0,0.0,0.0,0.0,0.0,0.0,0.0,0.0,0.0,0.0,2.3333333333333335,1.0,2.3333333333333335,0.0,0.0,0.0,0.0,0.0,0.0,2020-04-27
0.0,0.0,0.0,0.0,0.0,0.0,0.0,0.0,0.0,0.0,0.0,0.0,0.0,0.0,0.0,0.0,0.0,0.0,0.0,0.0,2.0,1.0,2.0,0.0,0.0,0.0,0.0,0.0,0.0,2020-05-04
0.0,0.0,0.0,0.0,0.0,0.0,0.0,0.0,0.0,0.0,0.0,0.0,0.0,0.0,0.0,0.0,0.0,0.0,0.0,0.0,2.3333333333333335,1.0,2.3333333333333335,0.0,0.0,0.0,0.0,0.0,0.0,2020-05-08
0.0,0.0,0.0,0.0,0.0,0.0,0.0,0.0,0.0,0.0,0.0,0.0,0.0,0.0,0.0,0.0,0.0,0.0,0.0,0.0,2.3333333333333335,1.0,2.3333333333333335,0.0,0.0,0.0,0.0,0.0,0.0,2020-05-11
0.0,0.0,0.0,0.0,0.0,0.0,0.0,0.0,0.0,0.0,0.0,0.0,0.0,0.0,0.0,0.0,0.0,0.0,0.0,0.0,2.0,1.0,2.0,0.0,0.0,0.0,0.0,0.0,0.0,2020-05-12
0.0,0.0,0.0,0.0,0.0,0.0,0.0,0.0,0.0,0.0,0.0,0.0,0.0,0.0,0.0,0.0,0.0,0.0,0.0,0.0,1.3333333333333333,1.0,1.3333333333333333,0.0,0.0,0.0,0.0,0.0,0.0,2020-05-18
0.0,0.0,0.0,0.0,0.0,0.0,0.0,0.0,0.0,0.0,0.0,0.0,0.0,0.0,0.0,0.0,0.0,0.0,0.0,0.0,1.3333333333333333,1.0,1.3333333333333333,0.0,0.0,0.0,0.0,0.0,0.0,2020-05-21
0.6666666666666666,0.0,0.0,0.0,0.0,0.0,0.0,0.0,0.0,0.0,0.3333333333333333,0.0,0.0,0.0,0.0,0.0,0.0,0.0,0.0,0.0,0.6666666666666666,0.6666666666666666,1.3333333333333333,0.0,0.0,0.0,0.0,0.0,0.0,2020-05-25
1.0,0.0,0.0,0.0,0.0,0.0,0.0,0.0,0.0,0.0,0.6666666666666666,0.0,0.0,0.0,0.0,0.0,0.0,0.0,0.0,0.0,0.3333333333333333,0.3333333333333333,1.3333333333333333,0.0,0.0,0.0,0.0,0.0,0.0,2020-05-27
1.0,0.0,0.0,0.0,0.0,0.0,0.0,0.0,0.0,0.0,0.6666666666666666,0.0,0.0,0.0,0.0,0.0,0.0,0.0,0.0,0.0,0.3333333333333333,0.3333333333333333,1.3333333333333333,0.0,0.0,0.0,0.0,0.0,0.0,2020-06-02
0.3333333333333333,0.0,0.0,0.0,0.0,0.0,0.0,0.0,0.0,0.0,0.3333333333333333,0.0,0.0,0.0,0.0,0.0,0.0,0.0,0.0,0.0,1.6666666666666667,0.6666666666666666,2.0,0.0,0.0,0.0,0.0,0.0,0.0,2020-06-03
0.0,0.0,0.0,0.0,0.0,0.0,0.0,0.0,0.0,0.0,0.0,0.0,0.0,0.0,0.0,0.0,0.0,0.0,0.0,0.0,2.0,1.0,2.0,0.0,0.0,0.0,0.0,0.0,0.0,2020-06-27
0.0,0.0,0.0,0.0,0.0,0.0,0.0,0.0,0.0,0.0,0.0,0.0,0.0,0.0,0.0,0.0,0.0,0.0,0.0,0.0,2.0,1.0,2.0,0.0,0.0,0.0,0.0,0.0,0.0,2020-06-29
0.0,0.0,0.0,0.0,0.0,0.0,0.0,0.0,0.0,0.0,0.0,0.0,0.0,0.0,0.0,0.0,0.0,0.0,0.0,0.0,1.0,1.0,1.0,0.0,0.0,0.0,0.0,0.0,0.0,2020-07-03
0.0,0.0,0.0,0.0,0.0,0.0,0.0,0.0,0.0,0.0,0.0,0.0,0.0,0.0,0.0,0.0,0.0,0.0,0.0,0.0,1.0,1.0,1.0,0.0,0.0,0.0,0.0,0.0,0.0,2020-07-07
0.0,0.0,0.0,0.0,0.0,0.0,0.0,0.0,0.0,0.0,0.0,0.0,0.0,0.0,0.0,0.0,0.0,0.0,0.0,0.0,1.0,1.0,1.0,0.0,0.0,0.0,0.0,0.0,0.0,2020-08-10
0.0,0.0,0.0,0.0,0.0,0.0,0.0,0.0,0.0,0.0,0.0,0.0,0.0,0.0,0.0,0.0,0.0,0.0,0.0,0.0,1.0,1.0,1.0,0.0,0.0,0.0,0.0,0.0,0.0,2020-08-19
0.0,0.0,0.0,0.0,0.0,0.0,0.0,0.3333333333333333,0.0,0.0,0.0,0.0,0.0,0.0,0.0,0.0,0.0,0.3333333333333333,0.0,0.0,0.6666666666666666,0.6666666666666666,1.0,0.0,0.0,0.0,0.0,0.0,0.0,2020-08-21
0.0,0.0,0.0,0.0,0.0,0.0,0.0,0.3333333333333333,0.0,0.0,0.0,0.0,0.0,0.0,0.0,0.0,0.0,0.3333333333333333,0.0,0.0,0.6666666666666666,0.6666666666666666,1.0,0.0,0.0,0.0,0.0,0.0,0.0,2020-08-25
0.0,0.0,0.0,0.0,0.0,0.0,0.0,0.3333333333333333,0.0,0.0,0.0,0.0,0.0,0.0,0.0,0.0,0.0,0.3333333333333333,0.0,0.0,0.6666666666666666,0.6666666666666666,1.0,0.0,0.0,0.0,0.0,0.0,0.0,2020-08-26
0.0,0.0,0.0,0.0,0.0,0.0,0.0,0.0,0.0,0.0,0.0,0.0,0.0,0.0,0.0,0.0,0.0,0.0,0.0,0.0,1.0,1.0,1.0,0.0,0.0,0.0,0.0,0.0,0.0,2020-08-31
0.0,0.0,0.0,0.0,0.0,0.0,0.0,0.0,0.0,0.0,0.0,0.0,0.0,0.0,0.0,0.0,0.0,0.0,0.0,0.0,1.6666666666666667,1.0,1.6666666666666667,0.0,0.0,0.0,0.0,0.0,0.0,2020-09-03
0.0,0.0,0.0,0.0,0.0,0.0,0.0,0.0,0.0,0.0,0.0,0.0,0.0,0.0,0.0,0.0,0.0,0.0,0.0,0.0,1.6666666666666667,1.0,1.6666666666666667,0.0,0.0,0.0,0.0,0.0,0.0,2020-09-07
0.0,0.0,0.0,0.0,0.0,0.0,0.0,0.0,0.0,0.0,0.0,0.0,0.0,0.0,0.0,0.0,0.0,0.0,0.0,0.0,2.0,1.0,2.0,0.0,0.0,0.0,0.0,0.0,0.0,2020-09-10
0.0,0.0,0.0,0.0,0.0,0.0,0.0,0.0,0.0,0.0,0.0,0.0,0.0,0.0,0.0,0.0,0.0,0.0,0.0,0.0,1.6666666666666667,1.0,1.6666666666666667,0.0,0.0,0.0,0.0,0.0,0.0,2020-09-14
0.0,0.0,0.0,0.0,0.0,0.0,0.0,0.0,0.0,0.0,0.0,0.0,0.0,0.0,0.0,0.0,0.0,0.0,0.0,0.0,1.6666666666666667,1.0,1.6666666666666667,0.0,0.0,0.0,0.0,0.0,0.0,2020-09-15
0.0,0.0,0.0,0.0,0.0,0.0,0.0,0.0,0.0,0.0,0.0,0.0,0.0,0.0,0.0,0.0,0.0,0.0,0.0,0.0,2.3333333333333335,1.0,2.3333333333333335,0.0,0.0,0.0,0.0,0.0,0.0,2020-09-16
0.0,0.0,0.0,0.0,0.0,0.0,0.0,0.0,0.0,0.0,0.0,0.0,0.0,0.0,0.0,0.0,0.0,0.0,0.0,0.0,2.6666666666666665,1.0,2.6666666666666665,0.0,0.0,0.0,0.0,0.0,0.0,2020-09-17
0.0,0.0,0.0,0.0,0.0,0.0,0.0,0.0,0.0,0.0,0.0,0.0,0.0,0.0,0.0,0.0,0.0,0.0,0.0,0.0,2.6666666666666665,1.0,2.6666666666666665,0.0,0.0,0.0,0.0,0.0,0.0,2020-09-18
0.0,0.0,0.0,0.0,0.0,0.0,0.0,0.0,0.0,0.0,0.0,0.0,0.0,0.0,0.0,0.0,0.0,0.0,0.0,0.0,2.0,1.0,2.0,0.0,0.0,0.0,0.0,0.0,0.0,2020-09-19
0.0,0.0,0.0,0.0,0.0,0.0,0.0,0.0,0.0,0.0,0.0,0.0,0.0,0.0,0.0,0.0,0.0,0.0,0.0,0.0,1.3333333333333333,1.0,1.3333333333333333,0.0,0.0,0.0,0.0,0.0,0.0,2020-09-20
0.0,0.0,0.0,0.0,0.0,0.0,0.0,0.0,0.0,0.0,0.0,0.0,0.0,0.0,0.0,0.0,0.0,0.0,0.0,0.0,1.3333333333333333,1.0,1.3333333333333333,0.0,0.0,0.0,0.0,0.0,0.0,2020-09-21
0.0,0.0,0.0,0.0,0.0,0.0,0.0,0.0,0.0,0.0,0.0,0.0,0.0,0.0,0.0,0.0,0.0,0.0,0.0,0.0,1.3333333333333333,1.0,1.3333333333333333,0.0,0.0,0.0,0.0,0.0,0.0,2020-09-22
0.0,0.0,0.0,0.0,0.0,0.0,0.0,0.0,0.0,0.0,0.0,0.0,0.0,0.0,0.0,0.0,0.0,0.0,0.0,0.0,1.6666666666666667,1.0,1.6666666666666667,0.0,0.0,0.0,0.0,0.0,0.0,2020-09-23
0.0,0.0,0.0,0.0,0.0,0.0,0.0,0.0,0.0,0.0,0.0,0.0,0.0,0.0,0.0,0.0,0.0,0.0,0.0,0.0,2.6666666666666665,1.0,2.6666666666666665,0.0,0.0,0.0,0.0,0.0,0.0,2020-09-24
0.0,0.0,0.0,0.0,0.0,0.0,0.0,0.0,0.0,0.0,0.0,0.0,0.0,0.0,0.0,0.0,0.0,0.0,0.0,0.0,2.3333333333333335,1.0,2.3333333333333335,0.0,0.0,0.0,0.0,0.0,0.0,2020-09-25
0.0,0.0,0.0,0.0,0.0,0.0,0.0,0.0,0.0,0.0,0.0,0.0,0.0,0.0,0.0,0.0,0.0,0.0,0.0,0.0,2.0,1.0,2.0,0.0,0.0,0.0,0.0,0.0,0.0,2020-09-26
0.0,0.0,0.0,0.0,0.0,0.0,0.0,0.0,0.0,0.0,0.0,0.0,0.0,0.0,0.0,0.0,0.0,0.0,0.0,0.0,1.6666666666666667,1.0,1.6666666666666667,0.0,0.0,0.0,0.0,0.0,0.0,2020-09-27
0.0,0.0,0.0,0.0,0.0,0.0,0.0,0.0,0.0,0.0,0.0,0.0,0.0,0.0,0.0,0.0,0.0,0.0,0.0,0.0,1.6666666666666667,1.0,1.6666666666666667,0.0,0.0,0.0,0.0,0.0,0.0,2020-09-28
0.0,0.0,0.0,0.0,0.0,0.0,0.0,0.0,0.0,0.0,0.0,0.0,0.0,0.0,0.0,0.0,0.0,0.0,0.0,0.0,2.3333333333333335,1.0,2.3333333333333335,0.0,0.0,0.0,0.0,0.0,0.0,2020-09-29
0.0,0.0,0.0,0.0,0.0,0.0,0.0,0.0,0.0,0.0,0.0,0.0,0.0,0.0,0.0,0.0,0.0,0.0,0.0,0.0,3.0,1.0,3.0,0.0,0.0,0.0,0.0,0.0,0.0,2020-09-30
0.0,0.0,0.0,0.0,0.0,0.0,0.0,0.0,0.0,0.0,0.0,0.0,0.0,0.0,0.0,0.0,0.0,0.0,0.0,0.0,4.0,1.0,4.0,0.0,0.0,0.0,0.0,0.0,0.0,2020-10-01
0.0,0.0,0.0,0.0,0.0,0.0,0.0,0.0,0.0,0.0,0.0,0.0,0.0,0.0,0.0,0.0,0.0,0.0,0.0,0.0,3.6666666666666665,1.0,3.6666666666666665,0.0,0.0,0.0,0.0,0.0,0.0,2020-10-02
0.0,0.0,0.0,0.0,0.0,0.0,0.0,0.0,0.0,0.0,0.0,0.0,0.0,0.0,0.0,0.0,0.0,0.0,0.0,0.0,2.6666666666666665,1.0,2.6666666666666665,0.0,0.0,0.0,0.0,0.0,0.0,2020-10-04
0.0,0.0,0.0,0.0,0.0,0.0,0.0,0.0,0.0,0.0,0.0,0.0,0.0,0.0,0.0,0.0,0.0,0.0,0.0,0.0,2.3333333333333335,1.0,2.3333333333333335,0.0,0.0,0.0,0.0,0.0,0.0,2020-10-05
0.0,0.0,0.0,0.0,0.0,0.0,0.0,0.0,0.0,0.0,0.0,0.0,0.0,0.0,0.0,0.0,0.0,0.0,0.0,0.0,2.6666666666666665,1.0,2.6666666666666665,0.0,0.0,0.0,0.0,0.0,0.0,2020-10-06
0.0,0.0,0.0,0.0,0.0,0.0,0.0,0.0,0.0,0.0,0.0,0.0,0.0,0.0,0.0,0.0,0.0,0.0,0.0,0.0,3.0,1.0,3.0,0.0,0.0,0.0,0.0,0.0,0.0,2020-10-07
0.0,0.0,0.0,0.0,0.0,0.0,0.0,0.0,0.0,0.0,0.0,0.0,0.0,0.0,0.0,0.0,0.0,0.0,0.0,0.0,2.3333333333333335,1.0,2.3333333333333335,0.0,0.0,0.0,0.0,0.0,0.0,2020-10-08
0.0,0.0,0.0,0.0,0.0,0.0,0.0,0.0,0.0,0.0,0.0,0.0,0.0,0.0,0.0,0.0,0.0,0.0,0.0,0.0,4.333333333333333,1.0,4.333333333333333,0.0,0.0,0.0,0.0,0.0,0.0,2020-10-09
0.0,0.0,0.0,0.0,0.0,0.0,0.0,0.0,0.0,0.0,0.0,0.0,0.0,0.0,0.0,0.0,0.0,0.0,0.0,0.0,6.333333333333333,1.0,6.333333333333333,0.0,0.0,0.0,0.0,0.0,0.0,2020-10-10
0.0,0.0,0.0,0.0,0.0,0.0,0.0,0.0,0.0,0.0,0.0,0.0,0.0,0.0,0.0,0.0,0.0,0.0,0.0,0.0,11.0,1.0,11.0,0.0,0.0,0.0,0.0,0.0,0.0,2020-10-11
0.0,0.0,0.0,0.0,0.0,0.0,0.0,0.0,0.0,0.0,0.0,0.0,0.0,0.0,0.0,0.0,0.0,0.0,0.0,0.0,9.666666666666666,1.0,9.666666666666666,0.0,0.0,0.0,0.0,0.0,0.0,2020-10-12
0.0,0.0,0.0,0.0,0.0,0.0,0.0,0.0,0.0,0.0,0.0,0.0,0.0,0.0,0.0,0.0,0.0,0.0,0.0,0.0,9.0,1.0,9.0,0.0,0.0,0.0,0.0,0.0,0.0,2020-10-13
0.0,0.0,0.0,0.0,0.0,0.0,0.0,0.0,0.0,0.0,0.0,0.0,0.0,0.0,0.0,0.0,0.0,0.0,0.0,0.0,9.0,1.0,9.0,0.0,0.0,0.0,0.0,0.0,0.0,2020-10-14
0.0,0.0,0.0,0.0,0.0,0.0,0.0,0.0,0.0,0.0,0.0,0.0,0.0,0.0,0.0,0.0,0.0,0.0,0.0,0.0,12.0,1.0,12.0,0.0,0.0,0.0,0.0,0.0,0.0,2020-10-15
0.0,0.0,0.0,0.0,0.0,0.0,0.0,0.0,0.0,0.0,0.0,0.0,0.0,0.0,0.0,0.0,0.0,0.0,0.0,0.0,10.0,1.0,10.0,0.0,0.0,0.0,0.0,0.0,0.0,2020-10-16
0.0,0.0,0.0,0.0,0.0,0.0,0.0,0.3333333333333333,0.0,0.0,0.0,0.0,0.0,0.0,0.0,0.0,0.0,0.1111111111111111,0.0,0.0,5.666666666666667,0.8888888888888888,6.0,0.0,0.0,0.0,0.0,0.0,0.0,2020-10-17
0.0,0.0,0.0,0.0,0.0,0.0,0.0,0.3333333333333333,0.0,0.0,0.0,0.0,0.0,0.0,0.0,0.0,0.0,0.1111111111111111,0.0,0.0,2.3333333333333335,0.8888888888888888,2.6666666666666665,0.0,0.0,0.0,0.0,0.0,0.0,2020-10-18
0.0,0.0,0.0,0.0,0.0,0.0,0.0,0.3333333333333333,0.0,0.0,0.0,0.0,0.0,0.0,0.0,0.0,0.0,0.1111111111111111,0.0,0.0,4.333333333333333,0.8888888888888888,4.666666666666667,0.0,0.0,0.0,0.0,0.0,0.0,2020-10-19
0.0,0.0,0.0,0.0,0.0,0.0,0.0,0.0,0.0,0.0,0.0,0.0,0.0,0.0,0.0,0.0,0.0,0.0,0.0,0.0,7.666666666666667,1.0,7.666666666666667,0.0,0.0,0.0,0.0,0.0,0.0,2020-10-20
0.0,0.0,0.0,0.0,0.0,0.0,0.0,0.0,0.0,0.0,0.0,0.0,0.0,0.0,0.0,0.0,0.0,0.0,0.0,0.0,7.666666666666667,1.0,7.666666666666667,0.0,0.0,0.0,0.0,0.0,0.0,2020-10-21
0.0,0.0,0.0,0.0,0.0,0.0,0.0,0.0,0.0,0.0,0.0,0.0,0.0,0.0,0.0,0.0,0.0,0.0,0.0,0.0,9.333333333333334,1.0,9.333333333333334,0.0,0.0,0.0,0.0,0.0,0.0,2020-10-22
0.0,0.0,0.0,0.0,0.0,0.0,0.0,0.0,0.0,0.0,0.0,0.0,0.0,0.0,0.0,0.0,0.0,0.0,0.0,0.0,7.666666666666667,1.0,7.666666666666667,0.0,0.0,0.0,0.0,0.0,0.0,2020-10-23
0.0,0.0,0.0,0.0,0.0,0.0,0.0,0.0,0.0,0.0,0.0,0.0,0.0,0.0,0.0,0.0,0.0,0.0,0.0,0.0,9.333333333333334,1.0,9.333333333333334,0.0,0.0,0.0,0.0,0.0,0.0,2020-10-24
0.0,0.0,0.0,0.0,0.0,0.0,0.0,0.0,0.0,0.0,0.0,0.0,0.0,0.0,0.0,0.0,0.0,0.0,0.0,0.0,9.333333333333334,1.0,9.333333333333334,0.0,0.0,0.0,0.0,0.0,0.0,2020-10-25
0.0,0.0,0.0,0.0,0.0,0.0,0.0,0.0,0.0,0.0,0.0,0.0,0.0,0.0,0.0,0.0,0.0,0.0,0.0,0.0,7.333333333333333,1.0,7.333333333333333,0.0,0.0,0.0,0.0,0.0,0.0,2020-10-26
0.0,0.0,0.0,0.0,0.0,0.0,0.0,0.0,0.0,0.0,0.0,0.0,0.0,0.0,0.0,0.0,0.0,0.0,0.0,0.0,7.666666666666667,1.0,7.666666666666667,0.0,0.0,0.0,0.0,0.0,0.0,2020-10-27
0.0,0.0,0.0,0.0,0.0,0.0,0.0,0.0,0.0,0.0,0.0,0.0,0.0,0.0,0.0,0.0,0.0,0.0,0.0,0.0,5.333333333333333,1.0,5.333333333333333,0.0,0.0,0.0,0.0,0.0,0.0,2020-10-28
0.0,0.0,0.0,0.0,0.0,0.0,0.0,0.0,0.0,0.0,0.0,0.0,0.0,0.0,0.0,0.0,0.0,0.0,0.0,0.0,6.666666666666667,1.0,6.666666666666667,0.0,0.0,0.0,0.0,0.0,0.0,2020-10-29
0.0,0.0,0.0,0.0,0.0,0.0,0.0,0.0,0.0,0.0,0.0,0.0,0.0,0.0,0.0,0.0,0.0,0.0,0.0,0.0,7.0,1.0,7.0,0.0,0.0,0.0,0.0,0.0,0.0,2020-10-30
0.0,0.0,0.0,0.0,0.0,0.0,0.0,0.0,0.0,0.0,0.0,0.0,0.0,0.0,0.0,0.0,0.0,0.0,0.0,0.0,9.0,1.0,9.0,0.0,0.0,0.0,0.0,0.0,0.0,2020-10-31
0.0,0.0,0.0,0.0,0.0,0.0,0.0,0.0,0.0,0.0,0.0,0.0,0.0,0.0,0.0,0.0,0.0,0.0,0.0,0.0,8.333333333333334,1.0,8.333333333333334,0.0,0.0,0.0,0.0,0.0,0.0,2020-11-02
0.0,0.0,0.0,0.0,0.0,0.0,0.0,0.0,0.0,0.0,0.0,0.0,0.0,0.0,0.0,0.0,0.0,0.0,0.0,0.0,5.666666666666667,1.0,5.666666666666667,0.0,0.0,0.0,0.0,0.0,0.0,2020-11-03
0.0,0.0,0.0,0.0,0.0,0.0,0.0,0.0,0.0,0.0,0.0,0.0,0.0,0.0,0.0,0.0,0.0,0.0,0.0,0.0,2.6666666666666665,1.0,2.6666666666666665,0.0,0.0,0.0,0.0,0.0,0.0,2020-11-04
0.0,0.0,0.0,0.0,0.0,0.0,0.0,0.0,0.0,0.0,0.0,0.0,0.0,0.0,0.0,0.0,0.0,0.0,0.0,0.0,2.3333333333333335,1.0,2.3333333333333335,0.0,0.0,0.0,0.0,0.0,0.0,2020-11-05
0.0,0.0,0.0,0.0,0.0,0.0,0.0,0.0,0.0,0.0,0.0,0.0,0.0,0.0,0.0,0.0,0.0,0.0,0.0,0.0,3.0,1.0,3.0,0.0,0.0,0.0,0.0,0.0,0.0,2020-11-06
0.0,0.0,0.0,0.0,0.0,0.0,0.0,0.0,0.0,0.0,0.0,0.0,0.0,0.0,0.0,0.0,0.0,0.0,0.0,0.0,2.6666666666666665,1.0,2.6666666666666665,0.0,0.0,0.0,0.0,0.0,0.0,2020-11-07
0.0,0.0,0.0,0.0,0.0,0.0,0.0,0.0,0.0,0.0,0.0,0.0,0.0,0.0,0.0,0.0,0.0,0.0,0.0,0.0,3.0,1.0,3.0,0.0,0.0,0.0,0.0,0.0,0.0,2020-11-08
0.0,0.0,0.0,0.0,0.0,0.0,0.0,0.0,0.0,0.0,0.0,0.0,0.0,0.0,0.0,0.0,0.0,0.0,0.0,0.0,2.6666666666666665,1.0,2.6666666666666665,0.0,0.0,0.0,0.0,0.0,0.0,2020-11-09
0.0,0.0,0.0,0.0,0.0,0.0,0.0,0.0,0.0,0.0,0.0,0.0,0.0,0.0,0.0,0.0,0.0,0.0,0.0,0.0,3.6666666666666665,1.0,3.6666666666666665,0.0,0.0,0.0,0.0,0.0,0.0,2020-11-10
0.0,0.0,0.0,0.0,0.0,0.0,0.0,0.0,0.0,0.0,0.0,0.0,0.0,0.0,0.0,0.0,0.0,0.0,0.0,0.0,8.333333333333334,1.0,8.333333333333334,0.0,0.0,0.0,0.0,0.0,0.0,2020-11-11
0.0,0.0,0.0,0.0,0.0,0.0,0.0,0.0,0.0,0.0,0.0,0.0,0.0,0.0,0.0,0.0,0.0,0.0,0.0,0.0,8.333333333333334,1.0,8.333333333333334,0.0,0.0,0.0,0.0,0.0,0.0,2020-11-12
0.0,0.0,0.0,0.0,0.0,0.0,0.0,0.0,0.0,0.0,0.0,0.0,0.0,0.0,0.0,0.0,0.0,0.0,0.0,0.0,9.0,1.0,9.0,0.0,0.0,0.0,0.0,0.0,0.0,2020-11-13
0.0,0.0,0.0,0.0,0.0,0.0,0.0,0.0,0.0,0.0,0.0,0.0,0.0,0.0,0.0,0.0,0.0,0.0,0.0,0.0,5.0,1.0,5.0,0.0,0.0,0.0,0.0,0.0,0.0,2020-11-14
0.0,0.0,0.0,0.0,0.0,0.0,0.0,0.0,0.0,0.0,0.0,0.0,0.0,0.0,0.0,0.0,0.0,0.0,0.0,0.0,4.0,1.0,4.0,0.0,0.0,0.0,0.0,0.0,0.0,2020-11-15
0.0,0.0,0.0,0.0,0.0,0.0,0.0,0.0,0.0,0.0,0.0,0.0,0.0,0.0,0.0,0.0,0.0,0.0,0.0,0.0,3.6666666666666665,1.0,3.6666666666666665,0.0,0.0,0.0,0.0,0.0,0.0,2020-11-16
0.0,0.0,0.0,0.0,0.0,0.0,0.0,0.0,0.0,0.0,0.0,0.0,0.0,0.0,0.0,0.0,0.0,0.0,0.0,0.0,6.333333333333333,1.0,6.333333333333333,0.0,0.0,0.0,0.0,0.0,0.0,2020-11-17
0.0,0.0,0.0,0.0,0.0,0.0,0.0,0.0,0.0,0.0,0.0,0.0,0.0,0.0,0.0,0.0,0.0,0.0,0.0,0.0,19.333333333333332,1.0,19.333333333333332,0.0,0.0,0.0,0.0,0.0,0.0,2020-11-18
0.0,0.0,0.0,0.0,0.0,0.0,0.0,0.0,0.0,0.0,0.0,0.0,0.0,0.0,0.0,0.0,0.0,0.0,0.0,0.0,19.333333333333332,1.0,19.333333333333332,0.0,0.0,0.0,0.0,0.0,0.0,2020-11-19
0.0,0.0,0.0,0.0,0.0,0.0,0.0,0.0,0.0,0.0,0.0,0.0,0.0,0.0,0.0,0.0,0.0,0.0,0.0,0.0,18.333333333333332,1.0,18.333333333333332,0.0,0.0,0.0,0.0,0.0,0.0,2020-11-20
0.0,0.0,0.0,0.0,0.0,0.0,0.0,0.0,0.0,0.0,0.0,0.0,0.0,0.0,0.0,0.0,0.0,0.0,0.0,0.0,5.666666666666667,1.0,5.666666666666667,0.0,0.0,0.0,0.0,0.0,0.0,2020-11-21
0.0,0.0,0.0,0.0,0.0,0.0,0.0,0.0,0.0,0.0,0.0,0.0,0.0,0.0,0.0,0.0,0.0,0.0,0.0,0.0,6.333333333333333,1.0,6.333333333333333,0.0,0.0,0.0,0.0,0.0,0.0,2020-11-22
0.0,0.0,0.0,0.0,0.0,0.0,0.0,0.0,0.0,0.0,0.0,0.0,0.0,0.0,0.0,0.0,0.0,0.0,0.0,0.0,7.666666666666667,1.0,7.666666666666667,0.0,0.0,0.0,0.0,0.0,0.0,2020-11-23
0.0,0.0,0.0,0.0,0.0,0.0,0.0,0.0,0.0,0.0,0.0,0.0,0.0,0.0,0.0,0.0,0.0,0.0,0.0,0.0,30.666666666666668,1.0,30.666666666666668,0.0,0.0,0.0,0.0,0.0,0.0,2020-11-24
0.0,0.0,0.0,0.0,0.0,0.0,0.0,0.0,0.0,0.0,0.0,0.0,0.0,0.0,0.0,0.0,0.0,0.0,0.0,0.0,32.333333333333336,1.0,32.333333333333336,0.0,0.0,0.0,0.0,0.0,0.0,2020-11-25
0.0,0.0,0.0,0.0,0.0,0.0,0.0,0.0,0.0,0.0,0.0,0.0,0.0,0.0,0.0,0.0,0.0,0.0,0.0,0.0,34.333333333333336,1.0,34.333333333333336,0.0,0.0,0.0,0.0,0.0,0.0,2020-11-26
0.0,0.0,0.0,0.0,0.0,0.0,0.0,0.0,0.0,0.0,0.0,0.0,0.0,0.0,0.0,0.0,0.0,0.0,0.0,0.0,12.666666666666666,1.0,12.666666666666666,0.0,0.0,0.0,0.0,0.0,0.0,2020-11-27
0.0,0.0,0.0,0.0,0.0,0.0,0.0,0.0,0.0,0.0,0.0,0.0,0.0,0.0,0.0,0.0,0.0,0.0,0.0,0.0,10.0,1.0,10.0,0.0,0.0,0.0,0.0,0.0,0.0,2020-11-28
0.0,0.0,0.0,0.0,0.0,0.0,0.0,0.0,0.0,0.0,0.0,0.0,0.0,0.0,0.0,0.0,0.0,0.0,0.0,0.0,4.0,1.0,4.0,0.0,0.0,0.0,0.0,0.0,0.0,2020-11-29
0.0,0.0,0.0,0.0,0.0,0.0,0.0,0.0,0.0,0.0,0.0,0.0,0.0,0.0,0.0,0.0,0.0,0.0,0.0,0.0,4.333333333333333,1.0,4.333333333333333,0.0,0.0,0.0,0.0,0.0,0.0,2020-11-30
0.0,0.0,0.0,0.0,0.0,0.0,0.0,0.0,0.0,0.0,0.0,0.0,0.0,0.0,0.0,0.0,0.0,0.0,0.0,0.0,5.666666666666667,1.0,5.666666666666667,0.0,0.0,0.0,0.0,0.0,0.0,2020-12-01
0.3333333333333333,0.0,0.0,0.0,0.0,0.0,0.0,0.0,0.0,0.0,0.05555555555555555,0.0,0.0,0.0,0.0,0.0,0.0,0.0,0.0,0.0,6.666666666666667,0.9444444444444445,7.0,0.0,0.0,0.0,0.0,0.0,0.0,2020-12-02
0.3333333333333333,0.0,0.0,0.0,0.0,0.0,0.0,0.0,0.0,0.0,0.05555555555555555,0.0,0.0,0.0,0.0,0.0,0.0,0.0,0.0,0.0,9.0,0.9444444444444445,9.333333333333334,0.0,0.0,0.0,0.0,0.0,0.0,2020-12-03
0.3333333333333333,0.0,0.0,0.0,0.0,0.0,0.0,0.0,0.0,0.0,0.05555555555555555,0.0,0.0,0.0,0.0,0.0,0.0,0.0,0.0,0.0,10.333333333333334,0.9444444444444445,10.666666666666666,0.0,0.0,0.0,0.0,0.0,0.0,2020-12-04
0.0,0.0,0.0,0.0,0.0,0.0,0.0,0.0,0.0,0.0,0.0,0.0,0.0,0.0,0.0,0.0,0.0,0.0,0.0,0.0,11.333333333333334,1.0,11.333333333333334,0.0,0.0,0.0,0.0,0.0,0.0,2020-12-05
0.0,0.0,0.0,0.0,0.0,0.0,0.0,0.0,0.0,0.0,0.0,0.0,0.0,0.0,0.0,0.0,0.0,0.0,0.0,0.0,7.0,1.0,7.0,0.0,0.0,0.0,0.0,0.0,0.0,2020-12-06
0.0,0.0,0.0,0.0,0.0,0.0,0.0,0.0,0.0,0.0,0.0,0.0,0.0,0.0,0.0,0.0,0.0,0.0,0.0,0.0,9.0,1.0,9.0,0.0,0.0,0.0,0.0,0.0,0.0,2020-12-07
0.0,0.0,0.0,0.0,0.0,0.0,0.0,0.0,0.0,0.0,0.0,0.0,0.0,0.0,0.0,0.0,0.0,0.0,0.0,0.0,18.666666666666668,1.0,18.666666666666668,0.0,0.0,0.0,0.0,0.0,0.0,2020-12-08
0.0,0.0,0.0,0.0,0.0,0.0,0.0,0.0,0.0,0.0,0.0,0.0,0.0,0.0,0.0,0.0,0.0,0.0,0.0,0.0,26.0,1.0,26.0,0.0,0.0,0.0,0.0,0.0,0.0,2020-12-09
0.0,0.0,0.0,0.0,0.0,0.0,0.0,0.0,0.0,0.0,0.0,0.0,0.0,0.0,0.0,0.0,0.0,0.0,0.0,0.0,22.666666666666668,1.0,22.666666666666668,0.0,0.0,0.0,0.0,0.0,0.0,2020-12-10
0.0,0.0,0.0,0.0,0.0,0.0,0.0,0.0,0.0,0.0,0.0,0.0,0.0,0.0,0.0,0.0,0.0,0.0,0.0,0.0,16.666666666666668,1.0,16.666666666666668,0.0,0.0,0.0,0.0,0.0,0.0,2020-12-11
0.0,0.0,0.0,0.0,0.0,0.0,0.0,0.0,0.0,0.0,0.0,0.0,0.0,0.0,0.0,0.0,0.0,0.0,0.0,0.0,10.666666666666666,1.0,10.666666666666666,0.0,0.0,0.0,0.0,0.0,0.0,2020-12-12
0.0,0.0,0.0,0.0,0.0,0.0,0.0,0.0,0.0,0.0,0.0,0.0,0.0,0.0,0.0,0.0,0.0,0.0,0.0,0.0,9.333333333333334,1.0,9.333333333333334,0.0,0.0,0.0,0.0,0.0,0.0,2020-12-13
0.0,0.0,0.0,0.0,0.0,0.0,0.0,0.0,0.0,0.0,0.0,0.0,0.0,0.0,0.0,0.0,0.0,0.0,0.0,0.0,12.666666666666666,1.0,12.666666666666666,0.0,0.0,0.0,0.0,0.0,0.0,2020-12-14
0.0,0.0,0.0,0.0,0.0,0.0,0.0,0.0,0.0,0.0,0.0,0.0,0.0,0.0,0.0,0.0,0.0,0.0,0.0,0.0,15.0,1.0,15.0,0.0,0.0,0.0,0.0,0.0,0.0,2020-12-15
0.0,0.0,0.0,0.0,0.0,0.0,0.0,0.0,0.0,0.0,0.0,0.0,0.0,0.0,0.0,0.0,0.0,0.0,0.0,0.0,17.0,1.0,17.0,0.0,0.0,0.0,0.0,0.0,0.0,2020-12-16
0.0,0.0,0.0,0.0,0.0,0.0,0.0,0.0,0.0,0.0,0.0,0.0,0.0,0.0,0.0,0.0,0.0,0.0,0.0,0.0,9.333333333333334,1.0,9.333333333333334,0.0,0.0,0.0,0.0,0.0,0.0,2020-12-17
0.0,0.0,0.0,0.0,0.0,0.0,0.0,0.0,0.0,0.0,0.0,0.0,0.0,0.0,0.0,0.0,0.0,0.0,0.0,0.0,9.333333333333334,1.0,9.333333333333334,0.0,0.0,0.0,0.0,0.0,0.0,2020-12-18
0.0,0.0,0.0,0.0,0.0,0.0,0.0,0.0,0.0,0.0,0.0,0.0,0.0,0.0,0.0,0.0,0.0,0.0,0.0,0.0,7.333333333333333,1.0,7.333333333333333,0.0,0.0,0.0,0.0,0.0,0.0,2020-12-19
0.0,0.0,0.0,0.0,0.0,0.0,0.0,0.0,0.0,0.0,0.0,0.0,0.0,0.0,0.0,0.0,0.0,0.0,0.0,0.0,7.666666666666667,1.0,7.666666666666667,0.0,0.0,0.0,0.0,0.0,0.0,2020-12-20
0.3333333333333333,0.0,0.0,0.0,0.0,0.0,0.0,0.0,0.0,0.0,0.012820512820512822,0.0,0.0,0.0,0.0,0.0,0.0,0.0,0.0,0.0,12.0,0.9871794871794872,12.333333333333334,0.0,0.0,0.0,0.0,0.0,0.0,2020-12-21
0.3333333333333333,0.0,0.0,0.0,0.0,0.0,0.0,0.0,0.0,0.3333333333333333,0.012820512820512822,0.0,0.0,0.0,0.0,0.0,0.0,0.0,0.0,0.030303030303030304,14.0,0.9568764568764568,14.666666666666666,0.3333333333333333,0.030303030303030304,0.0,0.0,0.0,0.0,2020-12-22
0.6666666666666666,0.0,0.0,0.0,0.0,0.0,0.0,0.0,0.0,0.3333333333333333,0.03365384615384615,0.0,0.0,0.0,0.0,0.0,0.0,0.0,0.0,0.030303030303030304,16.666666666666668,0.9360431235431235,17.666666666666668,0.3333333333333333,0.030303030303030304,0.0,0.0,0.0,0.0,2020-12-23
0.3333333333333333,0.0,0.0,0.0,0.0,0.0,0.0,0.0,0.0,0.3333333333333333,0.020833333333333332,0.0,0.0,0.0,0.0,0.0,0.0,0.0,0.0,0.030303030303030304,10.333333333333334,0.9488636363636364,11.0,0.3333333333333333,0.030303030303030304,0.0,0.0,0.0,0.0,2020-12-24
0.3333333333333333,0.0,0.0,0.0,0.0,0.0,0.0,0.0,0.0,0.0,0.020833333333333332,0.0,0.0,0.0,0.0,0.0,0.0,0.0,0.0,0.0,9.666666666666666,0.9791666666666666,10.0,0.0,0.0,0.0,0.0,0.0,0.0,2020-12-25
0.0,0.0,0.0,0.0,0.0,0.0,0.0,0.0,0.0,0.3333333333333333,0.0,0.0,0.0,0.0,0.0,0.0,0.0,0.0,0.0,0.05555555555555555,6.333333333333333,0.9444444444444443,6.666666666666667,0.3333333333333333,0.05555555555555555,0.0,0.0,0.0,0.0,2020-12-26
0.0,0.0,0.0,0.0,0.0,0.0,0.0,0.0,0.0,0.3333333333333333,0.0,0.0,0.0,0.0,0.0,0.0,0.0,0.0,0.0,0.05555555555555555,7.666666666666667,0.9444444444444443,8.0,0.3333333333333333,0.05555555555555555,0.0,0.0,0.0,0.0,2020-12-27
0.0,0.0,0.0,0.0,0.0,0.0,0.0,0.0,0.0,0.3333333333333333,0.0,0.0,0.0,0.0,0.0,0.0,0.0,0.0,0.0,0.05555555555555555,12.666666666666666,0.9444444444444443,13.0,0.3333333333333333,0.05555555555555555,0.0,0.0,0.0,0.0,2020-12-28
0.0,0.0,0.0,0.0,0.0,0.0,0.0,0.0,0.0,0.0,0.0,0.0,0.0,0.0,0.0,0.0,0.0,0.0,0.0,0.0,14.333333333333334,1.0,14.333333333333334,0.0,0.0,0.0,0.0,0.0,0.0,2020-12-29
0.3333333333333333,0.0,0.0,0.0,0.0,0.0,0.0,0.0,0.0,0.0,0.047619047619047616,0.0,0.0,0.0,0.0,0.0,0.0,0.0,0.0,0.0,13.0,0.9523809523809522,13.333333333333334,0.0,0.0,0.0,0.0,0.0,0.0,2020-12-30
0.3333333333333333,0.0,0.0,0.0,0.0,0.0,0.0,0.0,0.0,0.0,0.047619047619047616,0.0,0.0,0.0,0.0,0.0,0.0,0.0,0.0,0.0,7.333333333333333,0.9523809523809522,7.666666666666667,0.0,0.0,0.0,0.0,0.0,0.0,2020-12-31
0.3333333333333333,0.0,0.0,0.0,0.0,0.0,0.0,1.0,0.0,0.3333333333333333,0.047619047619047616,0.0,0.0,0.0,0.0,0.0,0.0,0.125,0.0,0.041666666666666664,5.333333333333333,0.7857142857142856,7.0,0.3333333333333333,0.041666666666666664,0.0,0.0,0.0,0.0,2021-01-01
1.3333333333333333,0.0,0.0,0.0,0.0,0.0,0.0,1.0,0.0,0.3333333333333333,0.057971014492753624,0.0,0.0,0.0,0.0,0.0,0.0,0.125,0.0,0.041666666666666664,9.666666666666666,0.7753623188405796,12.333333333333334,0.3333333333333333,0.041666666666666664,0.0,0.0,0.0,0.0,2021-01-02
1.3333333333333333,0.0,0.0,0.0,0.0,0.0,0.0,1.3333333333333333,0.0,1.0,0.057971014492753624,0.0,0.0,0.0,0.0,0.0,0.0,0.13833333333333334,0.0,0.06833333333333334,15.0,0.7353623188405796,18.666666666666668,1.0,0.06833333333333334,0.0,0.0,0.0,0.0,2021-01-03
1.3333333333333333,0.0,0.0,0.0,0.0,0.0,0.0,0.3333333333333333,0.0,1.3333333333333333,0.057971014492753624,0.0,0.0,0.0,0.0,0.0,0.0,0.013333333333333334,0.0,0.04,29.666666666666668,0.8886956521739129,32.666666666666664,1.3333333333333333,0.04,0.0,0.0,0.0,0.0,2021-01-04
0.0,0.0,0.0,0.0,0.0,0.0,0.0,0.3333333333333333,0.0,1.3333333333333333,0.0,0.0,0.0,0.0,0.0,0.0,0.0,0.013333333333333334,0.0,0.04,31.0,0.9466666666666667,32.666666666666664,1.3333333333333333,0.04,0.0,0.0,0.0,0.0,2021-01-05
0.3333333333333333,0.0,0.0,0.0,0.0,0.0,0.0,0.0,0.0,0.6666666666666666,0.016666666666666666,0.0,0.0,0.0,0.0,0.0,0.0,0.0,0.0,0.013333333333333334,30.0,0.9699999999999999,31.0,0.6666666666666666,0.013333333333333334,0.0,0.0,0.0,0.0,2021-01-06
0.3333333333333333,0.0,0.0,0.0,0.0,0.0,0.0,0.0,0.0,0.0,0.016666666666666666,0.0,0.0,0.0,0.0,0.0,0.0,0.0,0.0,0.0,22.0,0.9833333333333333,22.333333333333332,0.0,0.0,0.0,0.0,0.0,0.0,2021-01-07
1.3333333333333333,0.0,0.0,0.0,0.0,0.0,0.0,0.0,0.0,0.0,0.0375,0.0,0.0,0.0,0.0,0.0,0.0,0.0,0.0,0.0,29.333333333333332,0.9624999999999999,30.666666666666668,0.0,0.0,0.0,0.0,0.0,0.0,2021-01-08
1.0,0.0,0.0,0.0,0.0,0.0,0.0,0.0,0.0,0.0,0.020833333333333332,0.0,0.0,0.0,0.0,0.0,0.0,0.0,0.0,0.0,29.333333333333332,0.9791666666666666,30.333333333333332,0.0,0.0,0.0,0.0,0.0,0.0,2021-01-09
1.3333333333333333,0.0,0.0,0.0,0.0,0.0,0.0,0.0,0.0,0.0,0.044642857142857144,0.0,0.0,0.0,0.0,0.0,0.0,0.0,0.0,0.0,25.666666666666668,0.9553571428571428,27.0,0.0,0.0,0.0,0.0,0.0,0.0,2021-01-10
1.0,1.3333333333333333,0.0,0.0,0.0,0.0,0.0,0.0,0.0,0.0,0.028937728937728936,0.010256410256410256,0.0,0.0,0.0,0.0,0.0,0.0,0.0,0.0,52.0,0.9608058608058608,54.333333333333336,0.0,0.0,0.0,0.0,0.0,0.0,2021-01-11
3.3333333333333335,1.3333333333333333,0.0,0.0,0.0,0.0,0.0,0.6666666666666666,0.0,1.6666666666666667,0.05705017873692572,0.010256410256410256,0.0,0.0,0.0,0.0,0.0,0.008032128514056226,0.0,0.020080321285140562,68.66666666666667,0.9045809612074672,75.66666666666667,1.3333333333333333,0.016064257028112452,0.3333333333333333,0.004016064257028113,0.0,0.0,2021-01-12
6.333333333333333,1.3333333333333333,0.3333333333333333,0.0,0.0,0.0,0.0,0.6666666666666666,0.0,2.0,0.06410485245826611,0.010256410256410256,0.0030864197530864196,0.0,0.0,0.0,0.0,0.008032128514056226,0.0,0.02316674103822698,96.33333333333333,0.891353447979954,107.0,1.6666666666666667,0.01915067678119887,0.3333333333333333,0.004016064257028113,0.0,0.0,2021-01-13
6.666666666666667,0.3333333333333333,0.3333333333333333,0.0,0.0,0.0,0.0,0.6666666666666666,0.0,2.0,0.0782074165608302,0.006410256410256411,0.0030864197530864196,0.0,0.0,0.0,0.0,0.008032128514056226,0.0,0.02316674103822698,71.0,0.8810970377235435,81.0,1.6666666666666667,0.01915067678119887,0.3333333333333333,0.004016064257028113,0.0,0.0,2021-01-14
8.666666666666666,1.6666666666666667,0.3333333333333333,0.0,0.0,0.0,0.0,0.0,0.0,0.3333333333333333,0.09176163342830009,0.019230769230769232,0.0030864197530864196,0.0,0.0,0.0,0.0,0.0,0.0,0.0030864197530864196,77.0,0.8828347578347578,88.0,0.3333333333333333,0.0030864197530864196,0.0,0.0,0.0,0.0,2021-01-15
7.0,1.6666666666666667,0.0,0.0,0.0,0.0,0.0,0.3333333333333333,0.0,0.0,0.08867521367521368,0.019230769230769232,0.0,0.0,0.0,0.0,0.0,0.005555555555555556,0.0,0.0,63.0,0.8865384615384615,72.0,0.0,0.0,0.0,0.0,0.0,0.0,2021-01-16
9.666666666666666,1.3333333333333333,0.0,0.0,0.0,0.0,0.0,0.3333333333333333,0.0,0.0,0.14745862884160757,0.012820512820512822,0.0,0.0,0.0,0.0,0.0,0.005555555555555556,0.0,0.0,59.0,0.834165302782324,70.33333333333333,0.0,0.0,0.0,0.0,0.0,0.0,2021-01-17
12.666666666666666,0.3333333333333333,0.6666666666666666,0.0,0.0,0.0,0.0,0.6666666666666666,0.0,0.0,0.1261059049265568,0.0009233610341643582,0.0018467220683287165,0.0,0.0,0.0,0.0,0.006478916589719914,0.0,0.0,141.66666666666666,0.86464509538123,156.0,0.0,0.0,0.0,0.0,0.0,0.0,2021-01-18
18.333333333333332,1.0,0.6666666666666666,0.0,0.0,0.0,0.0,0.3333333333333333,0.0,0.0,0.12461247601377302,0.0033128472946183604,0.0018467220683287165,0.0,0.0,0.0,0.0,0.0009233610341643582,0.0,0.0,208.66666666666666,0.8693045935891154,229.0,0.0,0.0,0.0,0.0,0.0,0.0,2021-01-19
19.333333333333332,1.0,0.6666666666666666,0.0,0.0,0.0,0.0,0.6666666666666666,0.0,0.0,0.06252548160523334,0.0033128472946183604,0.0018467220683287165,0.0,0.0,0.0,0.0,0.002061017461923175,0.0,0.0,289.3333333333333,0.9302539315698963,311.0,0.0,0.0,0.0,0.0,0.0,0.0,2021-01-20
16.333333333333332,1.3333333333333333,0.0,0.0,0.0,0.0,0.0,0.3333333333333333,0.0,0.0,0.057969114611193216,0.004813728684696427,0.0,0.0,0.0,0.0,0.0,0.0011376564277588168,0.0,0.0,264.3333333333333,0.9360795002763515,282.3333333333333,0.0,0.0,0.0,0.0,0.0,0.0,2021-01-21
12.666666666666666,1.0,0.0,0.0,0.0,0.0,0.0,0.3333333333333333,0.0,0.0,0.04487421418744619,0.0036232831916285153,0.0,0.0,0.0,0.0,0.0,0.0011376564277588168,0.0,0.0,268.0,0.9503648461931663,282.0,0.0,0.0,0.0,0.0,0.0,0.0,2021-01-22
9.666666666666666,2.3333333333333335,0.0,0.0,0.0,0.0,0.0,0.3333333333333333,0.0,0.0,0.043314840290776785,0.015117536065191733,0.0,0.0,0.0,0.0,0.0,0.0028735632183908046,0.0,0.0,210.66666666666666,0.9386940604256407,223.0,0.0,0.0,0.0,0.0,0.0,0.0,2021-01-23
6.666666666666667,2.3333333333333335,0.0,0.0,0.0,0.0,0.0,0.6666666666666666,0.0,0.0,0.040377777353713847,0.01910355005120572,0.0,0.0,0.0,0.0,0.0,0.00607869142351901,0.0,0.0,156.33333333333334,0.9344399811715615,166.0,0.0,0.0,0.0,0.0,0.0,0.0,2021-01-24
20.0,3.6666666666666665,0.3333333333333333,0.0,0.0,0.0,0.0,1.0,0.0,0.0,0.05322201957096608,0.020456831897397984,0.0005104645227156713,0.0,0.0,0.0,0.0,0.006589155946234681,0.0,0.0,266.0,0.9192215280626854,291.0,0.0,0.0,0.0,0.0,0.0,0.0,2021-01-25
29.333333333333332,2.3333333333333335,0.6666666666666666,0.0,0.0,0.0,0.0,0.6666666666666666,0.0,0.0,0.06081029130336335,0.008962579023834768,0.0011758005173929831,0.0,0.0,0.0,0.0,0.003715592727843877,0.0,0.0,386.3333333333333,0.9253357364275651,419.3333333333333,0.0,0.0,0.0,0.0,0.0,0.0,2021-01-26
37.666666666666664,3.0,1.3333333333333333,0.0,0.0,0.0,0.0,0.3333333333333333,0.0,0.0,0.07139575104136546,0.0057807326216493815,0.0027900055214284958,0.0,0.0,0.0,0.0,0.0005104645227156713,0.0,0.0,480.0,0.9195230462928409,522.3333333333334,0.0,0.0,0.0,0.0,0.0,0.0,2021-01-27
48.0,1.3333333333333333,2.0,0.0,0.0,0.0,0.0,0.0,0.0,0.0,0.0974255524463583,0.0032284100080710253,0.004184302903474729,0.0,0.0,0.0,0.0,0.0,0.0,0.0,428.3333333333333,0.8951617346420959,479.6666666666667,0.0,0.0,0.0,0.0,0.0,0.0,2021-01-28
54.333333333333336,2.3333333333333335,2.0,0.0,0.0,0.0,0.0,0.0,0.0,0.0,0.12429575570181921,0.006045311416521729,0.004457934044947653,0.0,0.0,0.0,0.0,0.0,0.0,0.0,372.3333333333333,0.8652009988367113,431.0,0.0,0.0,0.0,0.0,0.0,0.0,2021-01-29
49.666666666666664,1.3333333333333333,1.3333333333333333,0.0,0.0,0.0,0.0,0.3333333333333333,0.0,0.0,0.1382032159791252,0.00530446359750543,0.0028437290409121393,0.0,0.0,0.0,0.0,0.0024875621890547263,0.0,0.0,285.3333333333333,0.8511610291934025,338.0,0.0,0.0,0.0,0.0,0.0,0.0,2021-01-30
27.0,1.3333333333333333,0.3333333333333333,0.0,0.0,0.0,0.0,0.3333333333333333,0.0,0.0,0.14447305724896645,0.00530446359750543,0.0009389671361502348,0.0,0.0,0.0,0.0,0.0024875621890547263,0.0,0.0,160.66666666666666,0.846795949828323,189.66666666666666,0.0,0.0,0.0,0.0,0.0,0.0,2021-01-31
37.333333333333336,2.0,1.0,0.6666666666666666,0.0,0.0,0.0,0.3333333333333333,0.0,0.0,0.14804575606814416,0.005644127845620382,0.001893939393939394,0.0012626262626262627,0.0,0.0,0.0,0.0024875621890547263,0.0,0.0,206.0,0.8406659882406151,247.33333333333334,0.0,0.0,0.0,0.0,0.0,0.0,2021-02-01
80.66666666666667,2.0,1.6666666666666667,0.6666666666666666,0.0,0.0,0.0,0.0,0.0,0.0,0.1693181818181818,0.0035606060606060605,0.002702020202020202,0.0012626262626262627,0.0,0.0,0.0,0.0,0.0,0.0,392.6666666666667,0.8231565656565656,477.6666666666667,0.0,0.0,0.0,0.0,0.0,0.0,2021-02-02
101.33333333333333,4.333333333333333,2.0,0.6666666666666666,0.0,0.0,0.0,0.0,0.0,0.0,0.16843004878719162,0.008851611351611352,0.0034578781007352437,0.0012626262626262627,0.0,0.0,0.0,0.0,0.0,0.0,489.6666666666667,0.8179978354978354,598.0,0.0,0.0,0.0,0.0,0.0,0.0,2021-02-03
102.0,3.6666666666666665,1.3333333333333333,0.0,0.0,0.0,0.0,0.0,0.0,0.0,0.1795587121019536,0.007937198161413408,0.002311322862251754,0.0,0.0,0.0,0.0,0.0,0.0,0.0,463.6666666666667,0.8101927668743811,570.6666666666666,0.0,0.0,0.0,0.0,0.0,0.0,2021-02-04
84.0,5.0,2.0,0.0,0.0,0.0,0.0,0.0,0.0,0.0,0.18080191334515486,0.010820468736991676,0.004133090837865883,0.0,0.0,0.0,0.0,0.0,0.0,0.0,373.6666666666667,0.8042445270799875,464.6666666666667,0.0,0.0,0.0,0.0,0.0,0.0,2021-02-05
72.0,3.3333333333333335,2.0,0.0,0.0,0.0,0.0,0.0,0.0,0.0,0.19035838808468775,0.008879547198080187,0.005052274815197744,0.0,0.0,0.0,0.0,0.0,0.0,0.0,306.6666666666667,0.7957097899020343,384.0,0.0,0.0,0.0,0.0,0.0,0.0,2021-02-06
49.0,2.3333333333333335,2.0,0.0,0.0,0.0,0.0,0.3333333333333333,0.0,0.0,0.1678563758965769,0.006637394731712476,0.006868993223844404,0.0,0.0,0.0,0.0,0.002564102564102564,0.0,0.0,225.0,0.8160731335837635,278.6666666666667,0.0,0.0,0.0,0.0,0.0,0.0,2021-02-07
48.0,1.3333333333333333,1.6666666666666667,0.3333333333333333,0.0,0.0,0.0,0.3333333333333333,0.0,0.0,0.15549225673634123,0.004428832403657988,0.005857267417495743,0.0005393743257820928,0.0,0.0,0.0,0.002564102564102564,0.0,0.0,264.0,0.8311181665526203,315.6666666666667,0.0,0.0,0.0,0.0,0.0,0.0,2021-02-08
68.33333333333333,1.6666666666666667,1.6666666666666667,0.6666666666666666,0.0,0.0,0.0,0.3333333333333333,0.0,0.0,0.14981420039513307,0.002900242276336499,0.0047893900830396135,0.0011465388673728638,0.0,0.0,0.0,0.002564102564102564,0.0,0.0,359.6666666666667,0.8387855258140154,432.3333333333333,0.0,0.0,0.0,0.0,0.0,0.0,2021-02-09
102.0,2.3333333333333335,1.6666666666666667,1.0,0.6666666666666666,1.6666666666666667,0.0,0.0,0.0,0.0,0.17982681073561224,0.004114571359518041,0.0028324520605278202,0.001753703408963635,0.0012143290831815423,0.0030358227079538558,0.0,0.0,0.0,0.0,462.6666666666667,0.8072223106442428,572.0,0.0,0.0,0.0,0.0,0.0,0.0,2021-02-10
118.33333333333333,3.0,1.3333333333333333,1.0,1.0,1.6666666666666667,0.0,0.0,0.0,0.0,0.20637591652816034,0.005196816765220199,0.0022948261118147135,0.0017545775974981278,0.0017545775974981278,0.0030358227079538558,0.0,0.0,0.0,0.0,445.3333333333333,0.7795874626918545,571.6666666666666,0.0,0.0,0.0,0.0,0.0,0.0,2021-02-11
137.66666666666666,3.6666666666666665,2.3333333333333335,0.6666666666666666,1.0,1.6666666666666667,0.0,0.0,0.0,0.0,0.2317953420173451,0.0061030918256633785,0.0038698765183963375,0.0011474130559073568,0.0017545775974981278,0.0030358227079538558,0.0,0.0,0.0,0.0,445.3333333333333,0.7522938762772357,592.3333333333334,0.0,0.0,0.0,0.0,0.0,0.0,2021-02-12
125.66666666666667,3.6666666666666665,2.6666666666666665,0.3333333333333333,0.3333333333333333,0.3333333333333333,0.0,0.0,0.0,0.0,0.24016885535710727,0.006849547056207327,0.005223496290531056,0.0005402485143165856,0.0005402485143165856,0.000980392156862745,0.0,0.0,0.0,0.0,389.6666666666667,0.7456972121106583,522.6666666666666,0.0,0.0,0.0,0.0,0.0,0.0,2021-02-13
84.33333333333333,2.3333333333333335,3.0,0.0,0.0,0.3333333333333333,0.0,0.0,0.0,0.0,0.21539723313815928,0.004688552998940984,0.015506635625534249,0.0,0.0,0.000980392156862745,0.0,0.0,0.0,0.0,256.3333333333333,0.7634271860805026,346.3333333333333,0.0,0.0,0.0,0.0,0.0,0.0,2021-02-14
87.33333333333333,2.3333333333333335,2.6666666666666665,0.0,0.0,0.6666666666666666,0.0,0.0,0.0,0.0,0.215610710687437,0.004548776032151991,0.014877215708417756,0.0,0.0,0.0014979905005480451,0.0,0.0,0.0,0.0,264.3333333333333,0.7634653070714451,357.3333333333333,0.0,0.0,0.0,0.0,0.0,0.0,2021-02-15
126.0,2.3333333333333335,2.6666666666666665,0.0,0.0,0.6666666666666666,0.0,0.0,0.0,0.0,0.22974120619048155,0.003537659334760784,0.01386609901102655,0.0,0.0,0.0009924321518524418,0.0,0.0,0.0,0.0,346.3333333333333,0.7518626033118786,478.0,0.0,0.0,0.0,0.0,0.0,0.0,2021-02-16
185.66666666666666,3.0,3.0,0.0,0.0,0.6666666666666666,0.0,0.0,0.0,0.0,0.287165448614724,0.004648770445871895,0.004724684869612409,0.0,0.0,0.0009924321518524418,0.0,0.0,0.0,0.0,456.3333333333333,0.7024686639179393,648.6666666666666,0.0,0.0,0.0,0.0,0.0,0.0,2021-02-17
200.66666666666666,1.6666666666666667,2.3333333333333335,0.3333333333333333,0.0,0.3333333333333333,0.0,0.0,0.0,0.0,0.320547909926441,0.0026257504788578232,0.003736861589968937,0.0005649717514124294,0.0,0.0004748338081671415,0.0,0.0,0.0,0.0,425.3333333333333,0.6720496724451527,630.6666666666666,0.0,0.0,0.0,0.0,0.0,0.0,2021-02-18
212.33333333333334,3.0,2.0,1.0,0.0,1.0,0.3333333333333333,0.0,0.0,0.0,0.3382766329309434,0.004553780704250159,0.003266810280589091,0.0015242043653213022,0.0,0.0014388489208633094,0.00047961630695443646,0.0,0.0,0.0,408.6666666666667,0.6504601064910783,628.3333333333334,0.3333333333333333,0.00047961630695443646,0.0,0.0,0.0,0.0,2021-02-19
180.33333333333334,3.6666666666666665,0.6666666666666666,1.0,0.0,1.0,0.3333333333333333,0.0,0.0,0.0,0.3434980781523886,0.00810467425514371,0.0010445880583668681,0.0015242043653213022,0.0,0.0014388489208633094,0.00047961630695443646,0.0,0.0,0.0,336.6666666666667,0.6439099899409617,523.6666666666666,0.3333333333333333,0.00047961630695443646,0.0,0.0,0.0,0.0,2021-02-20
120.66666666666667,3.3333333333333335,2.6666666666666665,1.0,0.0,1.3333333333333333,0.3333333333333333,0.0,0.0,0.0,0.3225742997799037,0.00753970250373128,0.02094745256426438,0.003883209222096007,0.0,0.004362825529050444,0.00047961630695443646,0.0,0.0,0.0,235.66666666666666,0.6402128940939996,365.0,0.3333333333333333,0.00047961630695443646,0.0,0.0,0.0,0.0,2021-02-21
182.0,3.6666666666666665,3.0,1.0,0.0,0.3333333333333333,0.0,0.0,0.0,0.0,0.3501087887052799,0.006997673664340331,0.021135170257977277,0.0035913106088544685,0.0,0.0029239766081871343,0.0,0.0,0.0,0.0,276.3333333333333,0.6152430801553607,466.3333333333333,0.0,0.0,0.0,0.0,0.0,0.0,2021-02-22
240.66666666666666,4.0,3.0,1.3333333333333333,0.0,0.3333333333333333,0.0,0.0,0.0,0.0,0.3766430686746744,0.0048801982644221835,0.021135170257977277,0.004100216461271771,0.0,0.0029239766081871343,0.0,0.0,0.0,0.0,340.0,0.5903173697334672,589.3333333333334,0.0,0.0,0.0,0.0,0.0,0.0,2021-02-23
354.6666666666667,5.666666666666667,2.3333333333333335,1.0,0.0,0.0,0.0,0.0,0.0,0.0,0.42841403207029655,0.00689065262710815,0.002677788363353303,0.0011762398530846367,0.0,0.0,0.0,0.0,0.0,0.0,464.0,0.5608412870861573,827.6666666666666,0.0,0.0,0.0,0.0,0.0,0.0,2021-02-24
323.0,5.333333333333333,3.6666666666666665,0.6666666666666666,0.0,0.0,0.0,0.0,0.0,0.0,0.42820959620092114,0.007145657199902015,0.004601127937815503,0.0009406847816055584,0.0,0.0,0.0,0.0,0.0,0.0,419.3333333333333,0.5591029338797557,752.0,0.0,0.0,0.0,0.0,0.0,0.0,2021-02-25
331.6666666666667,6.666666666666667,3.6666666666666665,1.0,0.0,0.6666666666666666,0.0,0.0,0.0,0.0,0.4421389425847235,0.009202354931680532,0.004601127937815503,0.001454273816713818,0.0,0.0010224948875255625,0.0,0.0,0.0,0.0,407.3333333333333,0.5415808058415409,751.0,0.0,0.0,0.0,0.0,0.0,0.0,2021-02-26
237.33333333333334,5.666666666666667,2.0,1.0,0.0,0.6666666666666666,0.0,0.0,0.0,0.0,0.4467316689831007,0.010541984321088367,0.002590673575129536,0.0014542738167138182,0.0,0.0010224948875255625,0.0,0.0,0.0,0.0,294.3333333333333,0.537658904416442,541.0,0.0,0.0,0.0,0.0,0.0,0.0,2021-02-27
151.33333333333334,4.0,0.0,2.0,0.0,0.6666666666666666,0.0,0.0,0.0,0.0,0.45295821892056715,0.010250161320671476,2.3129646346357427e-18,0.010217897186376137,0.0,0.0010224948875255625,0.0,0.0,0.0,0.0,174.0,0.5255512276848596,332.0,0.0,0.0,0.0,0.0,0.0,0.0,2021-02-28
153.66666666666666,7.0,1.0,1.3333333333333333,1.0,0.3333333333333333,0.0,0.0,0.0,0.0,0.443396742851543,0.014075900618941276,0.0014044943820224743,0.009195402298850575,0.0014044943820224719,0.00046816479400749064,0.0,0.0,0.0,0.0,187.66666666666666,0.5300548006726126,352.0,0.0,0.0,0.0,0.0,0.0,0.0,2021-03-01
217.33333333333334,11.666666666666666,1.3333333333333333,1.6666666666666667,1.0,1.6666666666666667,0.3333333333333333,0.0,0.0,0.0,0.43764426148007923,0.01917800915422201,0.0019327563999833829,0.009723664316811483,0.0014044943820224719,0.002581212865851125,0.0005282620179609086,0.0,0.0,0.0,261.0,0.5270073393830693,496.0,0.0,0.0,0.0,0.0,0.0,0.0,2021-03-02
307.3333333333333,14.666666666666666,3.6666666666666665,0.3333333333333333,1.0,2.6666666666666665,0.3333333333333333,0.0,0.0,0.0,0.4692872635084768,0.022178575643632317,0.005642348344869445,0.0005282620179609086,0.0014044943820224719,0.004171037985088009,0.0005282620179609086,0.0,0.0,0.0,327.3333333333333,0.49625975609998907,657.3333333333334,0.3333333333333333,0.0005299417064122947,0.0,0.0,0.0,0.0,2021-03-03
321.6666666666667,10.666666666666666,3.6666666666666665,0.3333333333333333,0.0,2.3333333333333335,0.3333333333333333,0.0,0.0,0.0,0.49963132969440105,0.016736683978363153,0.005730391276279809,0.0005282620179609086,0.0,0.0037028731910805184,0.0005282620179609086,0.0,0.0,0.0,304.3333333333333,0.47314219782395345,643.3333333333334,0.6666666666666666,0.00102745414422324,0.0,0.0,0.0,0.0,2021-03-04
342.0,9.666666666666666,5.333333333333333,0.0,0.0,1.0,0.0,0.0,0.0,0.0,0.5356890589883251,0.015296357926155822,0.008438375213011457,0.0,0.0,0.0015898251192368838,0.0,0.0,0.0,0.0,281.0,0.4389863827532707,639.0,1.0,0.0015668284700053328,0.0,0.0,0.0,0.0,2021-03-05
297.0,7.333333333333333,3.6666666666666665,0.0,0.3333333333333333,0.0,0.0,0.0,0.0,0.0,0.5883851374196976,0.013469163084255097,0.007043598082940209,0.0,0.0011574074074074073,0.0,0.0,0.0,0.0,0.0,217.0,0.3899446940056996,525.3333333333334,0.6666666666666666,0.0010368867635930383,0.0,0.0,0.0,0.0,2021-03-06
213.66666666666666,6.333333333333333,2.6666666666666665,0.3333333333333333,0.3333333333333333,0.0,0.0,0.0,0.0,0.0,0.6359715297822094,0.01724084521414618,0.005551060769507374,0.0022522522522522522,0.0011574074074074073,0.0,0.0,0.0,0.0,0.0,128.0,0.3378269045744773,351.3333333333333,0.3333333333333333,0.0005393743257820928,0.0,0.0,0.0,0.0,2021-03-07
263.0,6.333333333333333,1.3333333333333333,1.0,0.3333333333333333,0.3333333333333333,0.0,0.0,0.0,0.0,0.6409726587052168,0.015267738668901456,0.0030900086132644292,0.0030274460507018646,0.0011574074074074073,0.0003875968992248062,0.0,0.0,0.0,0.0,159.66666666666666,0.33609714365528315,432.0,0.0,0.0,0.0,0.0,0.0,0.0,2021-03-08
363.3333333333333,7.666666666666667,2.0,2.0,0.0,0.6666666666666666,0.0,0.3333333333333333,0.0,0.0,0.6256020503076161,0.014794659548650101,0.0024889898567186804,0.004312793094403664,0.0,0.0008160459137920726,0.0,0.00042844901456726646,0.0,0.0,219.33333333333334,0.35155701226425196,595.3333333333334,0.0,0.0,0.0,0.0,0.0,0.0,2021-03-09
472.6666666666667,11.0,4.333333333333333,1.6666666666666667,0.0,0.6666666666666666,0.0,0.3333333333333333,0.0,0.0,0.6285033768309898,0.01486204977352064,0.006163530539133378,0.002060540842151412,0.0,0.0008160459137920726,0.0,0.00042844901456726646,0.0,0.0,267.0,0.3471660070858453,757.6666666666666,1.3333333333333333,0.002099737532808399,0.0,0.0,0.0,0.0,2021-03-10
427.0,9.666666666666666,4.333333333333333,1.6666666666666667,0.3333333333333333,0.6666666666666666,0.0,0.3333333333333333,0.0,0.0,0.6423691705678524,0.015004637233857226,0.0065397472185191145,0.0024367575215371476,0.0005757052389176741,0.0010041542534849407,0.0,0.00042844901456726646,0.0,0.0,220.0,0.33164137895126405,664.0,2.0,0.0032511480106437473,0.0,0.0,0.0,0.0,2021-03-11
386.6666666666667,13.666666666666666,4.333333333333333,1.6666666666666667,0.3333333333333333,0.6666666666666666,0.0,0.0,0.0,0.0,0.6354696640229244,0.02240505625558642,0.007015332659976376,0.0027934466026300936,0.0005757052389176741,0.001123050613849256,0.0,0.0,0.0,0.0,200.33333333333334,0.33061774460611565,607.6666666666666,2.0,0.0032511480106437473,0.0,0.0,0.0,0.0,2021-03-12
306.6666666666667,10.666666666666666,2.0,1.6666666666666667,0.3333333333333333,0.6666666666666666,0.0,0.0,0.0,0.0,0.673450992306256,0.02120678831755968,0.003340791977561678,0.0027934466026300936,0.0005757052389176741,0.001123050613849256,0.0,0.0,0.0,0.0,153.0,0.29750922494322546,475.0,0.6666666666666666,0.0011514104778353482,0.0,0.0,0.0,0.0,2021-03-13
219.0,8.666666666666666,1.3333333333333333,1.0,0.0,0.3333333333333333,0.0,0.0,0.0,0.0,0.7164999272515641,0.024025441167300616,0.0021893814997263296,0.0016420361247947454,0.0,0.0005473453749315818,0.0,0.0,0.0,0.0,93.33333333333333,0.2550958685816826,323.6666666666667,0.0,0.0,0.0,0.0,0.0,0.0,2021-03-14
289.3333333333333,5.666666666666667,3.6666666666666665,0.3333333333333333,0.0,0.3333333333333333,0.0,0.0,0.0,0.0,0.7447331160463881,0.01761789501166443,0.004391217564870262,0.0003992015968063872,0.0,0.0003992015968063872,0.0,0.0,0.0,0.0,99.66666666666667,0.23245936818346422,399.0,0.0,0.0,0.0,0.0,0.0,0.0,2021-03-15
380.0,6.666666666666667,6.0,0.6666666666666666,0.0,1.3333333333333333,0.0,0.0,0.0,0.0,0.723171669240136,0.01566077907078924,0.008059980667595628,0.0009233106114814397,0.0,0.0019715286408315442,0.0,0.0,0.0,0.0,137.33333333333334,0.250212731769166,532.0,0.0,0.0,0.0,0.0,0.0,0.0,2021-03-16
519.0,9.333333333333334,7.666666666666667,1.0,0.0,1.3333333333333333,0.0,0.0,0.0,0.0,0.7204819145503812,0.012951784361794528,0.010464983072598034,0.0014043110924819207,0.0,0.0019715286408315447,0.0,0.0,0.0,0.0,183.0,0.25272547828191255,721.3333333333334,0.6666666666666666,0.000962000962000962,0.0,0.0,0.0,0.0,2021-03-17
479.0,7.0,7.0,0.6666666666666666,0.0,1.0,0.0,0.0,0.0,0.0,0.7236651821615006,0.010484158637633094,0.01064693623943509,0.0010051094956755335,0.0,0.0015723270440251575,0.0,0.0,0.0,0.0,167.0,0.2526262864217304,661.6666666666666,0.6666666666666666,0.000962000962000962,0.0,0.0,0.0,0.0,2021-03-18
499.0,6.666666666666667,6.0,0.3333333333333333,0.0,0.6666666666666666,0.0,0.0,0.0,0.0,0.745636404679578,0.009850296900613344,0.0090014407138468,0.000481000481000481,0.0,0.0010116337885685382,0.0,0.0,0.0,0.0,156.66666666666666,0.23401922343639278,669.3333333333334,0.6666666666666666,0.000962000962000962,0.0,0.0,0.0,0.0,2021-03-19
432.6666666666667,4.666666666666667,6.333333333333333,1.0,0.0,1.0,0.0,0.0,0.0,0.0,0.7614512643231529,0.008757444422370439,0.011634221684159257,0.0025188916876574307,0.0,0.0018512643511210151,0.0,0.0,0.0,0.0,125.0,0.21378691353153878,570.6666666666666,0.0,0.0,0.0,0.0,0.0,0.0,2021-03-20
324.6666666666667,6.333333333333333,5.0,1.0,0.0,1.3333333333333333,0.0,0.0,0.0,0.0,0.7612334942883098,0.020369343176825965,0.015271231576425667,0.0025188916876574307,0.0,0.0034933004759157608,0.0,0.0,0.0,0.0,81.33333333333333,0.1971137387948653,419.6666666666667,0.0,0.0,0.0,0.0,0.0,0.0,2021-03-21
350.3333333333333,8.333333333333334,9.0,1.0,0.0,0.6666666666666666,0.0,0.3333333333333333,0.0,0.0,0.7474472934036683,0.02234069963339819,0.01992297442899239,0.0025188916876574307,0.0,0.0024816666873472225,0.0,0.00041718815185648727,0.0,0.0,96.66666666666667,0.20487128600707985,466.3333333333333,0.0,0.0,0.0,0.0,0.0,0.0,2021-03-22
363.6666666666667,11.333333333333334,10.0,0.0,0.0,0.3333333333333333,0.0,0.3333333333333333,0.0,0.0,0.7207911263255995,0.02749458422878544,0.020897215101773715,0.0,0.0,0.0016420361247947454,0.0,0.00041718815185648727,0.0,0.0,114.66666666666667,0.22875785006719,500.3333333333333,0.3333333333333333,0.000668002672010688,0.0,0.0,0.0,0.0,2021-03-23
490.6666666666667,14.0,10.666666666666666,0.0,0.0,0.0,0.0,1.0,0.0,0.0,0.7409187650099391,0.022212983497486877,0.01612346059463848,0.0,0.0,0.0,0.0,0.0013990241852389123,0.0,0.0,142.66666666666666,0.21934576671269643,659.0,0.6666666666666666,0.0011589206887019005,0.0,0.0,0.0,0.0,2021-03-24
450.0,11.666666666666666,6.333333333333333,0.3333333333333333,0.0,0.0,0.0,0.6666666666666666,0.0,0.0,0.7683328402963548,0.020120478588961946,0.01119670191318643,0.0005827505827505828,0.0,0.0,0.0,0.0009818360333824251,0.0,0.0,114.33333333333333,0.19878539258536357,583.3333333333334,1.0,0.0017416712714524833,0.0,0.0,0.0,0.0,2021-03-25
525.0,10.666666666666666,5.333333333333333,0.3333333333333333,0.0,0.0,0.0,0.6666666666666666,0.0,0.0,0.8166326800347418,0.01616853936441565,0.008130185965237515,0.0005827505827505828,0.0,0.0,0.0,0.0009818360333824251,0.0,0.0,101.33333333333333,0.15750400801947187,643.3333333333334,0.6666666666666666,0.0010736685994417953,0.0,0.0,0.0,0.0,2021-03-26
407.3333333333333,5.333333333333333,3.3333333333333335,0.3333333333333333,0.0,0.0,0.0,0.0,0.0,0.0,0.852627490329994,0.00831385109735625,0.00639444012050787,0.0005827505827505828,0.0,0.0,0.0,0.0,0.0,0.0,66.0,0.1320814678693912,482.3333333333333,0.3333333333333333,0.0005827505827505828,0.0,0.0,0.0,0.0,2021-03-27
309.3333333333333,4.0,2.6666666666666665,0.0,0.0,0.0,0.0,0.0,0.0,0.0,0.8798629452304235,0.007092145560929901,0.006338235749582686,0.0,0.0,0.0,0.0,0.0,0.0,0.0,41.333333333333336,0.1067066734590638,357.3333333333333,0.0,0.0,0.0,0.0,0.0,0.0,2021-03-28
336.6666666666667,4.0,4.333333333333333,0.3333333333333333,0.0,0.0,0.0,0.0,0.0,0.0,0.8826844453940628,0.006466352932882118,0.008167033204990968,0.00043402777777777775,0.0,0.0,0.0,0.0,0.0,0.0,41.666666666666664,0.10224814069028619,387.0,0.0,0.0,0.0,0.0,0.0,0.0,2021-03-29
443.6666666666667,6.666666666666667,6.666666666666667,1.0,0.0,0.3333333333333333,0.0,0.0,0.0,0.0,0.8610936898865619,0.01088136397040971,0.010881363970409718,0.0015377805371596762,0.0,0.0005518763796909492,0.0,0.0,0.0,0.0,64.66666666666667,0.115053925255768,523.0,0.0,0.0,0.0,0.0,0.0,0.0,2021-03-30
603.0,11.0,9.333333333333334,1.0,0.0,1.3333333333333333,0.0,0.0,0.0,0.0,0.8463751040819488,0.015329667470276129,0.013136685014135785,0.0015377805371596762,0.0,0.0018676658533751597,0.0,0.0,0.0,0.0,85.0,0.12175309704310437,710.6666666666666,0.0,0.0,0.0,0.0,0.0,0.0,2021-03-31
628.0,9.666666666666666,6.666666666666667,1.3333333333333333,0.0,2.0,0.0,0.0,0.0,0.0,0.8533995967632527,0.013349773092365284,0.009559984248999391,0.001902155952994673,0.0,0.0026660690469879345,0.0,0.0,0.0,0.0,85.33333333333333,0.11912242089539977,733.0,0.0,0.0,0.0,0.0,0.0,0.0,2021-04-01
594.3333333333334,8.0,5.666666666666667,0.6666666666666666,0.0,1.6666666666666667,0.0,0.0,0.0,0.0,0.8897349293468674,0.011293252620875426,0.00907579082153469,0.0007984031936127743,0.0,0.002114192667296985,0.0,0.0,0.0,0.0,62.666666666666664,0.08698343134981272,673.0,0.3333333333333333,0.0007861635220125786,0.0,0.0,0.0,0.0,2021-04-02
431.6666666666667,4.333333333333333,3.6666666666666665,1.3333333333333333,0.0,1.3333333333333333,0.0,0.0,0.0,0.0,0.8790811397003372,0.01007901011806668,0.010054530774866295,0.004082475443202265,0.0,0.004082475443202265,0.0,0.0,0.0,0.0,45.0,0.0926203685203252,487.3333333333333,0.6666666666666666,0.002428199646807324,0.0,0.0,0.0,0.0,2021-04-03
236.33333333333334,2.6666666666666665,3.0,0.6666666666666666,0.0,0.6666666666666666,0.3333333333333333,0.0,0.0,0.0,0.8908141953282119,0.011425385689904371,0.010927319359188331,0.0032840722495894904,0.0,0.003284072249589491,0.0020703933747412005,0.0,0.0,0.0,19.0,0.07819456174877513,262.6666666666667,0.6666666666666666,0.002428199646807324,0.0,0.0,0.0,0.0,2021-04-04
184.0,2.6666666666666665,2.3333333333333335,2.0,0.0,0.6666666666666666,0.3333333333333333,0.0,0.0,0.0,0.8710676174517783,0.01274336571210193,0.010672972337360734,0.008186033033903216,0.0,0.0032840722495894917,0.0020703933747412005,0.0,0.0,0.0,20.0,0.09197554584052503,212.0,0.3333333333333333,0.0016420361247947452,0.0,0.0,0.0,0.0,2021-04-05
351.0,5.666666666666667,4.333333333333333,1.6666666666666667,0.0,0.6666666666666666,0.3333333333333333,0.0,0.0,0.0,0.8847412611663338,0.01303238119690935,0.00965820685737024,0.005336554439246363,0.0,0.0008691873098652759,0.0020703933747412005,0.0,0.0,0.0,36.333333333333336,0.08429201565553372,400.0,0.0,0.0,0.0,0.0,0.0,0.0,2021-04-06
542.6666666666666,13.333333333333334,6.666666666666667,2.3333333333333335,0.0,2.3333333333333335,0.0,0.3333333333333333,0.0,0.0,0.8679282817540089,0.018847787199318625,0.010773795163234375,0.006133049859397698,0.0,0.002860425860243611,0.0,0.00039824771007566706,0.0,0.0,57.666666666666664,0.09305841245372108,625.3333333333334,0.0,0.0,0.0,0.0,0.0,0.0,2021-04-07
708.0,17.666666666666668,8.666666666666666,1.3333333333333333,0.0,3.0,0.0,0.3333333333333333,0.0,0.0,0.875549578447869,0.021659556675965735,0.010746959611495431,0.0016366040791391222,0.0,0.0036714558683539115,0.0,0.00039824771007566706,0.0,0.0,69.66666666666667,0.08633759760710118,808.6666666666666,0.0,0.0,0.0,0.0,0.0,0.0,2021-04-08
720.3333333333334,17.666666666666668,8.333333333333334,1.0,0.0,2.6666666666666665,0.0,0.6666666666666666,0.0,0.0,0.8830621549492963,0.021514141308535798,0.010215422378276173,0.001202010424206484,0.0,0.0032247442661354456,0.0,0.0008207234177224774,0.0,0.0,65.33333333333333,0.07996080325582722,816.0,0.0,0.0,0.0,0.0,0.0,0.0,2021-04-09
587.0,10.666666666666666,7.333333333333333,0.6666666666666666,0.0,1.0,0.0,0.3333333333333333,0.0,0.0,0.8920282290849778,0.015241189808946148,0.011633492263048368,0.0013263253171306565,0.0,0.0012335057157571102,0.0,0.0004224757076468103,0.0,0.0,50.666666666666664,0.07811478210249305,657.6666666666666,0.0,0.0,0.0,0.0,0.0,0.0,2021-04-10
379.6666666666667,6.333333333333333,4.333333333333333,0.3333333333333333,0.0,0.3333333333333333,0.0,0.3333333333333333,0.0,0.0,0.8957376942040396,0.016949671055539156,0.007983857226552017,0.0009208103130755063,0.0,0.0004224757076468103,0.0,0.0004224757076468103,0.0,0.0,33.0,0.07756301578549996,424.3333333333333,0.0,0.0,0.0,0.0,0.0,0.0,2021-04-11
373.3333333333333,7.0,5.0,0.3333333333333333,0.0,1.0,0.6666666666666666,0.0,0.0,0.0,0.8866096584600344,0.017772218456033325,0.008812805774131745,0.0009208103130755064,0.0,0.0012626262626262627,0.0008417508417508418,0.0,0.0,0.0,38.0,0.08378012989234791,425.3333333333333,0.0,0.0,0.0,0.0,0.0,0.0,2021-04-12
513.6666666666666,14.0,7.0,1.0,0.0,1.3333333333333333,0.6666666666666666,0.0,0.0,0.0,0.8754389987864339,0.023689591643055414,0.008433024562056824,0.001152073732718894,0.0,0.0016466508401992274,0.0008417508417508418,0.0,0.0,0.0,56.333333333333336,0.08879790959378471,594.0,0.0,0.0,0.0,0.0,0.0,0.0,2021-04-13
684.3333333333334,16.0,10.0,1.0,0.0,1.6666666666666667,0.6666666666666666,0.6666666666666666,0.0,0.0,0.8677362418477782,0.01973015846717323,0.012670312697650045,0.001152073732718894,0.0,0.0021174606330429187,0.0008417508417508418,0.0009416195856873823,0.0,0.0,75.0,0.09481038219419842,789.3333333333334,0.0,0.0,0.0,0.0,0.0,0.0,2021-04-14
720.6666666666666,15.0,11.333333333333334,1.0,0.0,2.0,0.0,0.6666666666666666,0.0,0.0,0.8831873468511219,0.01804762320254841,0.013819384742244478,0.001152073732718894,0.0,0.0023856418713734105,0.0,0.0009416195856873823,0.0,0.0,65.0,0.08046631001430533,815.6666666666666,0.0,0.0,0.0,0.0,0.0,0.0,2021-04-15
745.0,14.333333333333334,11.0,0.0,0.0,2.3333333333333335,0.0,1.0,0.0,0.0,0.8928679317013941,0.016762265451582936,0.013210443383880407,0.0,0.0,0.0027246830927881538,0.0,0.0013031524851812362,0.0,0.0,60.0,0.07313152388517312,833.6666666666666,0.3333333333333333,0.00036153289949385393,0.0,0.0,0.0,0.0,2021-04-16
598.6666666666666,13.666666666666666,8.0,0.0,0.0,2.0,0.0,0.6666666666666666,0.0,0.0,0.8947102308907824,0.023797119022914027,0.008973155248287186,0.0,0.0,0.002253873299944463,0.0,0.0019718388576258987,0.0,0.0,43.666666666666664,0.0682937826804459,666.6666666666666,0.3333333333333333,0.00036153289949385393,0.0,0.0,0.0,0.0,2021-04-17
360.6666666666667,10.0,3.6666666666666665,0.0,0.3333333333333333,0.6666666666666666,0.0,1.0,0.0,0.0,0.8871878757516724,0.019587398395282955,0.007199558385619548,0.0,0.003584229390681004,0.0007230657989877079,0.0,0.005556068248306903,0.0,0.0,31.0,0.07616180402944944,407.3333333333333,0.3333333333333333,0.00036153289949385393,0.0,0.0,0.0,0.0,2021-04-18
342.3333333333333,4.333333333333333,5.333333333333333,0.3333333333333333,0.3333333333333333,1.0,0.0,2.0,0.3333333333333333,0.0,0.8902577191497247,0.013622317970144057,0.009459670048730362,0.0003916960438699569,0.003584229390681004,0.0011750881316098707,0.0,0.006761319524292876,0.0003916960438699569,0.0,27.666666666666668,0.07435626369707708,383.6666666666667,0.0,0.0,0.0,0.0,0.0,0.0,2021-04-19
492.3333333333333,4.666666666666667,8.333333333333334,0.6666666666666666,0.3333333333333333,1.6666666666666667,0.0,3.3333333333333335,0.6666666666666666,0.0,0.8870081928999584,0.006033417515521767,0.013603316457570139,0.0008521012004077101,0.003584229390681004,0.002095898444685377,0.0,0.007453039348849597,0.0008521012004077101,0.0,44.0,0.07851770354191834,556.0,0.0,0.0,0.0,0.0,0.0,0.0,2021-04-20
711.3333333333334,9.333333333333334,12.666666666666666,0.6666666666666666,0.0,2.6666666666666665,0.0,5.0,0.6666666666666666,0.0,0.8828187785229792,0.011582367178621253,0.01556803672998862,0.0008521012004077101,0.0,0.003284959086778124,0.0,0.006246931242354086,0.0008521012004077101,0.0,63.0,0.07879472483846323,805.3333333333334,0.0,0.0,0.0,0.0,0.0,0.0,2021-04-21
732.0,9.333333333333334,8.666666666666666,0.6666666666666666,0.0,2.6666666666666665,0.0,6.666666666666667,0.3333333333333333,0.0,0.8957736144591815,0.011499764611546635,0.010826382920011828,0.0008383341058952739,0.0,0.003243657803240816,0.0,0.008081507611091944,0.0004604051565377532,0.0,55.333333333333336,0.06927633333249408,815.6666666666666,0.0,0.0,0.0,0.0,0.0,0.0,2021-04-22
781.3333333333334,8.666666666666666,7.0,0.6666666666666666,0.0,3.6666666666666665,0.0,7.666666666666667,0.3333333333333333,0.0,0.9066987454153056,0.010139403730905468,0.008231323425612624,0.0007650756779676639,0.0,0.004258581133216025,0.0,0.008876655657284327,0.00038714672861014324,0.0,52.0,0.060643068231097996,861.3333333333334,0.0,0.0,0.0,0.0,0.0,0.0,2021-04-23
675.6666666666666,5.333333333333333,3.3333333333333335,0.6666666666666666,0.0,2.6666666666666665,0.0,6.333333333333333,0.3333333333333333,0.0,0.9267304536990948,0.007553417030768947,0.004904595984735361,0.0007650756779676639,0.0,0.0030695204911232784,0.0,0.007980015854580313,0.00038714672861014324,0.0,36.666666666666664,0.048609774533119404,731.0,0.0,0.0,0.0,0.0,0.0,0.0,2021-04-24
467.3333333333333,3.3333333333333335,2.3333333333333335,0.3333333333333333,0.0,2.0,0.0,3.3333333333333335,0.3333333333333333,0.0,0.9360832778924183,0.005285843334623823,0.003770809136662799,0.00038714672861014324,0.0,0.003553856620396994,0.0,0.004578655310362626,0.00038714672861014324,0.0,26.666666666666668,0.045953264248315084,505.6666666666667,0.0,0.0,0.0,0.0,0.0,0.0,2021-04-25
460.3333333333333,4.666666666666667,1.6666666666666667,1.0,0.0,4.0,0.6666666666666666,4.666666666666667,0.0,0.0,0.9328165273972863,0.00689842144387599,0.003009313918404831,0.0011806375442739079,0.0,0.005947127306350608,0.0007870916961826052,0.006204031658577113,0.0,0.0,24.0,0.04315684903504843,501.0,0.0,0.0,0.0,0.0,0.0,0.0,2021-04-26
524.6666666666666,4.666666666666667,3.0,1.0,0.0,5.0,0.6666666666666666,7.333333333333333,0.3333333333333333,0.0,0.9095020264556668,0.005818697652287791,0.004082760246088447,0.0011806375442739079,0.0,0.0073595566848816815,0.0007870916961826052,0.009430648105532543,0.00047080979284369113,0.0,40.333333333333336,0.0613677718222424,587.0,0.0,0.0,0.0,0.0,0.0,0.0,2021-04-27
599.6666666666666,6.0,5.0,1.3333333333333333,0.0,7.333333333333333,0.6666666666666666,11.333333333333334,0.3333333333333333,0.0,0.8822529700803968,0.008590700424290562,0.008240764404092604,0.0018736382372746007,0.0,0.011285439251540947,0.0007870916961826052,0.01774665642154086,0.00047080979284369113,0.0,47.0,0.06875192969183717,678.6666666666666,0.0,0.0,0.0,0.0,0.0,0.0,2021-04-28
573.3333333333334,3.3333333333333335,9.333333333333334,1.0,0.0,6.666666666666667,0.6666666666666666,11.666666666666666,0.3333333333333333,0.0,0.8814498469501921,0.005531282241231238,0.014023974941812761,0.0015690409908543943,0.0,0.010898616262878275,0.0008760402978537013,0.018718368180494285,0.00047080979284369113,0.0,43.666666666666664,0.06646202034183941,650.0,0.0,0.0,0.0,0.0,0.0,0.0,2021-04-29
586.3333333333334,4.333333333333333,8.0,1.3333333333333333,0.0,8.333333333333334,0.6666666666666666,9.333333333333334,0.0,0.0,0.8985102456883425,0.006929805845290135,0.01213477615280706,0.0020378642444877746,0.0,0.013236772913414241,0.0008760402978537013,0.015416740012957515,0.0,0.0,32.666666666666664,0.05085775484484704,651.0,0.0,0.0,0.0,0.0,0.0,0.0,2021-04-30
506.0,3.3333333333333335,6.666666666666667,1.0,0.0,6.333333333333333,0.6666666666666666,5.666666666666667,0.0,0.0,0.9071951648210228,0.005816177865990514,0.011293521580209206,0.0013448635514870817,0.0,0.011009516954815,0.0008760402978537013,0.008759106489652349,0.0,0.0,28.0,0.053705608438969286,557.6666666666666,0.0,0.0,0.0,0.0,0.0,0.0,2021-05-01
337.0,3.0,1.6666666666666667,0.6666666666666666,0.0,3.3333333333333335,0.0,2.3333333333333335,0.0,0.0,0.922416956915351,0.006741939369938614,0.004723219346306446,0.002270625055435182,0.0,0.007067335614473344,0.0,0.008470249959008696,0.0,0.0,17.666666666666668,0.048309673739486615,365.6666666666667,0.0,0.0,0.0,0.0,0.0,0.0,2021-05-02
524.3333333333334,14.666666666666666,6.0,1.0,0.0,3.3333333333333335,0.0,5.333333333333333,0.6666666666666666,0.0,0.9053067512798877,0.013467324557335547,0.0071289964283893885,0.002278332657174687,0.0,0.005222873006897844,0.0,0.009922965330345868,0.0004765308553728854,0.0,39.666666666666664,0.05619622588459597,595.0,0.3333333333333333,0.0002382654276864427,0.0,0.0,0.0,0.0,2021-05-03
692.6666666666666,24.0,12.333333333333334,1.6666666666666667,0.0,5.0,0.0,10.333333333333334,0.6666666666666666,0.0,0.8813951603671376,0.023540341350392912,0.012307392474051049,0.0030873941458478267,0.0,0.004737838631847529,0.0,0.01473708244702783,0.0004765308553728854,0.0,56.0,0.059718259728322315,802.6666666666666,0.3333333333333333,0.0002382654276864427,0.0,0.0,0.0,0.0,2021-05-04
814.3333333333334,31.333333333333332,13.666666666666666,1.3333333333333333,0.0,6.0,0.3333333333333333,16.0,1.0,0.0,0.8481728585020899,0.033699017967727875,0.014387475677379183,0.0012855923440460244,0.0,0.006297901034343629,0.0005200208008320333,0.01973209305826309,0.0009965516562049188,0.0,70.66666666666667,0.07490848895911317,954.6666666666666,0.3333333333333333,0.0002382654276864427,0.0,0.0,0.0,0.0,2021-05-05
614.3333333333334,19.333333333333332,11.0,0.6666666666666666,0.0,4.666666666666667,0.3333333333333333,16.333333333333332,0.3333333333333333,0.0,0.8588860942162663,0.026615846613084415,0.014473864311978946,0.0008090614886731391,0.0,0.00634109535164351,0.0005200208008320333,0.023208190577097904,0.0005200208008320333,0.0,49.333333333333336,0.06862580583959171,716.3333333333334,0.0,0.0,0.0,0.0,0.0,0.0,2021-05-06
642.6666666666666,15.0,9.666666666666666,0.3333333333333333,0.0,5.666666666666667,0.3333333333333333,16.333333333333332,0.3333333333333333,0.0,0.8743980262587913,0.020965792921660658,0.012440140193643784,0.0003800836183960471,0.0,0.007310216325247994,0.0005200208008320333,0.022817036562049545,0.0005200208008320333,0.0,43.666666666666664,0.0606486625185465,734.0,0.0,0.0,0.0,0.0,0.0,0.0,2021-05-07
556.6666666666666,10.0,11.0,0.3333333333333333,0.0,7.666666666666667,0.0,13.666666666666666,0.0,0.0,0.8656043991513881,0.016734783101557706,0.018089525589349467,0.0003800836183960471,0.0,0.014445806096664937,0.0,0.024010823443959606,0.0,0.0,36.0,0.06073457899868398,635.3333333333334,0.0,0.0,0.0,0.0,0.0,0.0,2021-05-08
388.6666666666667,8.666666666666666,8.333333333333334,0.3333333333333333,0.0,7.666666666666667,0.0,10.0,0.3333333333333333,0.0,0.8615100644519975,0.01906015032539157,0.014190890111766621,0.0003800836183960471,0.0,0.022995176021915507,0.0,0.022924884624908475,0.0026246719160104987,0.0,25.666666666666668,0.056314078929613674,449.6666666666667,0.0,0.0,0.0,0.0,0.0,0.0,2021-05-09
436.3333333333333,6.666666666666667,4.0,0.0,0.0,4.666666666666667,0.0,9.666666666666666,1.3333333333333333,0.0,0.8724767286151195,0.016305492404441374,0.009060140588388443,0.0,0.0,0.01952700783529369,0.0,0.021833566690651562,0.0036226759080264666,0.0,28.666666666666668,0.05717438795807897,491.3333333333333,0.0,0.0,0.0,0.0,0.0,0.0,2021-05-10
523.6666666666666,8.333333333333334,4.666666666666667,0.6666666666666666,0.0,3.3333333333333335,0.0,10.666666666666666,1.6666666666666667,0.0,0.8864681030645928,0.015410934425807135,0.006588295543508149,0.0010515247108307045,0.0,0.013460167438457411,0.0,0.01812579912333112,0.004148438263441819,0.0,34.666666666666664,0.05474673743003069,587.6666666666666,0.0,0.0,0.0,0.0,0.0,0.0,2021-05-11
740.6666666666666,11.666666666666666,7.0,1.0,0.0,2.6666666666666665,0.0,16.333333333333332,1.6666666666666667,0.0,0.8786178938645524,0.014696737986076389,0.009233798189010795,0.0014294536601882253,0.0,0.0037173376731304587,0.0,0.020057105329103018,0.0019016952967888412,0.0,58.333333333333336,0.07034597800114978,839.3333333333334,0.0,0.0,0.0,0.0,0.0,0.0,2021-05-12
523.0,9.333333333333334,7.0,1.0,0.0,3.0,0.0,15.0,0.6666666666666666,0.0,0.8692717213447271,0.014748436391068208,0.012407630704160675,0.0014294536601882253,0.0,0.005636921928044054,0.0,0.027454472756410567,0.000903691304772873,0.0,45.0,0.06814767191062811,604.0,0.0,0.0,0.0,0.0,0.0,0.0,2021-05-13
561.6666666666666,7.0,5.333333333333333,1.3333333333333333,0.0,1.6666666666666667,0.0,19.0,1.0,0.0,0.8798294829292134,0.01060894356042604,0.009396188641471662,0.001725637844236227,0.0,0.0034573464492601963,0.0,0.03169741747908864,0.001276401545943325,0.0,43.0,0.06200858155036045,640.0,0.0,0.0,0.0,0.0,0.0,0.0,2021-05-14
489.3333333333333,7.0,5.333333333333333,1.0,0.0,1.6666666666666667,0.0,18.666666666666668,0.6666666666666666,0.0,0.8970201772531771,0.012785205564108943,0.01066567481028669,0.0013477088948787065,0.0,0.0038200567832073467,0.0,0.034583881535255476,0.0008984725965858042,0.0,21.0,0.038878822562499825,544.6666666666666,0.0,0.0,0.0,0.0,0.0,0.0,2021-05-15
450.0,6.0,4.333333333333333,1.3333333333333333,0.0,2.0,0.0,17.0,0.6666666666666666,0.0,0.900111778170865,0.009406827185730566,0.008231563680523387,0.0034181022696199072,0.0,0.007778984655178696,0.0,0.0346188543963153,0.0008984725965858042,0.0,18.333333333333332,0.03553541704518127,499.6666666666667,0.0,0.0,0.0,0.0,0.0,0.0,2021-05-16
530.0,5.666666666666667,3.3333333333333335,0.3333333333333333,0.0,2.3333333333333335,0.0,15.666666666666666,0.3333333333333333,0.0,0.9136380603506634,0.008433172481372602,0.006674087423218657,0.002070393374741201,0.0,0.008018453591045574,0.0,0.030409584535244404,0.0003443526170798898,0.0,17.333333333333332,0.030411895626634117,575.0,0.0,0.0,0.0,0.0,0.0,0.0,2021-05-17
561.3333333333334,4.0,1.3333333333333333,0.6666666666666666,0.0,3.0,0.0,17.666666666666668,0.6666666666666666,0.0,0.9048816468631263,0.004967011115070288,0.003222705470282531,0.002534000236122749,0.0,0.008754312803909575,0.0,0.03146903511444183,0.0008079594784614381,0.0,27.333333333333332,0.043363328918585096,616.0,0.0,0.0,0.0,0.0,0.0,0.0,2021-05-18
746.3333333333334,8.0,4.0,0.3333333333333333,0.3333333333333333,5.0,0.0,22.666666666666668,1.0,0.0,0.9031826599334725,0.010056069639243317,0.004969105988671101,0.0004636068613815487,0.0004240882103477524,0.006359926572815744,0.0,0.02795252728329743,0.0012320476888091905,0.0,36.666666666666664,0.045359967821961465,824.3333333333334,0.0,0.0,0.0,0.0,0.0,0.0,2021-05-19
635.6666666666666,7.0,4.0,0.3333333333333333,0.3333333333333333,5.666666666666667,0.0,21.333333333333332,0.6666666666666666,0.0,0.8945650711913903,0.00939587767910926,0.005341971879776714,0.0004636068613815487,0.0004240882103477524,0.007794363589186749,0.0,0.03011734278048119,0.0008876950717293008,0.0,36.0,0.051009982736597105,711.0,0.0,0.0,0.0,0.0,0.0,0.0,2021-05-20
613.0,5.0,3.6666666666666665,0.0,0.3333333333333333,7.0,0.0,17.666666666666668,0.3333333333333333,0.0,0.9059552701379016,0.00668913261120471,0.004878365018395166,2.8912057932946783e-19,0.0004240882103477524,0.010247959837790874,0.0,0.025991316610285798,0.0004240882103477524,0.0,30.666666666666668,0.045389779363726124,677.6666666666666,0.0,0.0,0.0,0.0,0.0,0.0,2021-05-21
467.6666666666667,1.3333333333333333,0.6666666666666666,0.0,0.0,4.666666666666667,0.0,17.0,0.3333333333333333,0.0,0.899804586822262,0.002703826846413581,0.0010615711252653951,2.8912057932946783e-19,0.0,0.0086386714634249,0.0,0.038056766621239066,0.0011037527593818985,0.0,24.666666666666668,0.048630824362012916,516.3333333333334,0.0,0.0,0.0,0.0,0.0,0.0,2021-05-22
310.0,0.6666666666666666,0.3333333333333333,0.0,0.0,3.3333333333333335,0.0,12.666666666666666,0.3333333333333333,0.0,0.8972618712222218,0.0016422557211481883,0.003174603174603177,2.8912057932946783e-19,0.0,0.006515529212894114,0.0,0.047019459978836886,0.0011037527593818985,0.0,14.666666666666666,0.043282527930913944,342.0,0.0,0.0,0.0,0.0,0.0,0.0,2021-05-23
166.66666666666666,1.0,0.3333333333333333,0.0,0.0,1.3333333333333333,0.0,10.333333333333334,0.6666666666666666,0.0,0.8847659267181293,0.0052445395088643,0.003174603174603177,2.8912057932946783e-19,0.0,0.006348292268246197,0.0,0.052441281724322324,0.003174146134123099,0.0,9.0,0.044851210471711395,189.33333333333334,0.0,0.0,0.0,0.0,0.0,0.0,2021-05-24
286.6666666666667,1.3333333333333333,1.0,0.0,0.0,1.6666666666666667,0.0,9.0,1.3333333333333333,0.0,0.9035067287784679,0.005132850241545893,0.004166666666666669,2.8912057932946783e-19,0.0,0.005628881987577639,0.0,0.038910455486542435,0.0035584886128364386,0.0,11.666666666666666,0.039095928226362923,312.6666666666667,0.0,0.0,0.0,0.0,0.0,0.0,2021-05-25
455.6666666666667,3.3333333333333335,1.3333333333333333,0.0,0.3333333333333333,3.3333333333333335,1.0,15.333333333333334,1.6666666666666667,0.0,0.9063471631978497,0.008140369038538375,0.0019945697577276548,2.8912057932946783e-19,0.0005012531328320802,0.008135147651738039,0.0015037593984962407,0.0323941647597254,0.004059741745668519,0.0,17.333333333333332,0.03692383131742391,499.3333333333333,0.0,0.0,0.0,0.0,0.0,0.0,2021-05-26
596.0,3.0,2.0,0.3333333333333333,0.3333333333333333,4.333333333333333,1.0,21.333333333333332,1.3333333333333333,0.0,0.9130184307386825,0.004536350941766655,0.003068107063149018,0.000536768652710682,0.0005012531328320802,0.006678204165809047,0.0015037593984962407,0.03285425217633455,0.001989348370927318,0.0,23.0,0.035313525359291865,652.6666666666666,0.0,0.0,0.0,0.0,0.0,0.0,2021-05-27
565.3333333333334,4.0,1.6666666666666667,0.6666666666666666,0.3333333333333333,5.666666666666667,1.0,22.666666666666668,0.3333333333333333,0.0,0.9081143643011108,0.006407975880401903,0.002648781257225274,0.00110950633885043,0.0005012531328320802,0.009199272730692045,0.0015037593984962407,0.03629579202251357,0.0005012531328320802,0.0,21.0,0.03371804180504542,622.6666666666666,0.0,0.0,0.0,0.0,0.0,0.0,2021-05-28
438.0,2.0,1.0,0.6666666666666666,0.0,5.0,0.0,19.0,1.0,0.0,0.8887145133223124,0.003400457083409422,0.0016462749915611135,0.00110950633885043,0.0,0.010554010927535504,0.0,0.041782481719729585,0.0038610038610038607,0.0,20.666666666666668,0.048931751755597476,487.3333333333333,0.0,0.0,0.0,0.0,0.0,0.0,2021-05-29
260.3333333333333,1.6666666666666667,0.3333333333333333,1.0,0.0,3.3333333333333335,0.0,12.333333333333334,1.0,0.0,0.8443103265268214,0.00286368843069874,0.0005727376861397503,0.017239404352806416,0.0,0.007870167663982096,0.0,0.062233367388006555,0.0038610038610038607,0.0,13.666666666666666,0.06104930409054112,293.6666666666667,0.0,0.0,0.0,0.0,0.0,0.0,2021-05-30
203.33333333333334,0.6666666666666666,1.3333333333333333,0.6666666666666666,0.0,1.0,0.0,17.0,1.3333333333333333,0.0,0.8259009009009008,0.0015873015873015875,0.003174603174603177,0.016666666666666666,0.0,0.0038610038610038602,0.0,0.07754182754182753,0.0046546546546546545,0.0,14.333333333333334,0.06661304161304153,239.66666666666666,0.0,0.0,0.0,0.0,0.0,0.0,2021-05-31
304.6666666666667,1.0,3.0,0.6666666666666666,0.0,1.3333333333333333,0.0,25.0,1.0,0.0,0.8225353719762665,0.0021197829504538772,0.005837009990364625,0.016666666666666666,0.0,0.002129925452609158,0.0,0.07975810132359652,0.001858613519955373,0.0,25.333333333333332,0.06909452812008715,362.0,0.0,0.0,0.0,0.0,0.0,0.0,2021-06-01
432.6666666666667,1.0,3.3333333333333335,0.3333333333333333,0.0,4.666666666666667,0.0,34.666666666666664,1.3333333333333333,0.0,0.8465149638130013,0.0021197829504538772,0.006517282099208163,0.0006802721088435375,0.0,0.008932646541044531,0.0,0.06887374758209992,0.0025388856287989103,0.0,34.0,0.06382241927654973,512.0,0.0,0.0,0.0,0.0,0.0,0.0,2021-06-02
360.3333333333333,0.3333333333333333,2.3333333333333335,1.0,0.0,5.0,0.0,29.0,1.0,0.0,0.8395531147458891,0.0005324813631522896,0.005291996663396411,0.004578907586426383,0.0,0.010881964279835954,0.0,0.07387235521228651,0.0017452348351481167,0.0,30.0,0.06354394531386524,429.0,0.0,0.0,0.0,0.0,0.0,0.0,2021-06-03
279.3333333333333,1.3333333333333333,2.0,1.3333333333333333,0.0,5.0,0.0,31.666666666666668,0.6666666666666666,0.0,0.8073274550450339,0.0035180299032541774,0.00614761975088914,0.005458415062239927,0.0,0.012270068730480975,0.0,0.09409540729992254,0.001559779584657082,0.0,25.333333333333332,0.06962322462352212,346.6666666666667,0.0,0.0,0.0,0.0,0.0,0.0,2021-06-04
189.33333333333334,2.3333333333333335,2.0,2.0,0.0,3.0,0.0,23.333333333333332,1.0,0.0,0.7935330483934844,0.009073585458809734,0.007319199493897455,0.010333698508951945,0.0,0.012874755049453008,0.0,0.08646124252290062,0.0045832111795172485,0.0,20.333333333333332,0.07582125939298547,243.33333333333334,0.0,0.0,0.0,0.0,0.0,0.0,2021-06-05
148.0,2.3333333333333335,1.6666666666666667,2.0,0.0,2.6666666666666665,0.0,21.0,1.0,0.0,0.7190816870151281,0.009073585458809734,0.005369881755106032,0.027940439375455123,0.0,0.010925437310661585,0.0,0.15204635225062496,0.004583211179517248,0.0,18.0,0.07097940565469708,196.66666666666666,0.0,0.0,0.0,0.0,0.0,0.0,2021-06-06
130.66666666666666,1.3333333333333333,2.0,2.0,0.0,3.0,0.0,27.0,0.6666666666666666,0.0,0.7017352564379381,0.006559571619812583,0.006871932173136995,0.028064947963898607,0.0,0.012427487728692546,0.0,0.1758460364756517,0.0037037037037037034,0.0,14.333333333333334,0.06479106389716564,181.0,0.0,0.0,0.0,0.0,0.0,0.0,2021-06-07
179.33333333333334,0.6666666666666666,2.0,1.0,0.0,5.0,0.0,47.333333333333336,0.0,0.0,0.6757167379194197,0.0018373493975903613,0.005853413654618476,0.022509392408343053,0.0,0.013353413654618474,0.0,0.2185312216608369,0.0,0.0,19.0,0.062198471304573046,254.33333333333334,0.3333333333333333,0.0008333333333333334,0.0,0.0,0.0,0.0,2021-06-08
242.0,1.3333333333333333,3.0,0.3333333333333333,0.0,5.666666666666667,0.0,59.333333333333336,0.3333333333333333,0.0,0.7077170325136161,0.004120454420421411,0.009278071188865053,0.0010040160642570328,0.0,0.015636518677449526,0.0,0.17312689112614843,0.001141552511415525,0.0,29.333333333333332,0.08797546349782685,341.3333333333333,0.3333333333333333,0.0008333333333333334,0.0,0.0,0.0,0.0,2021-06-09
231.66666666666666,1.6666666666666667,2.3333333333333335,0.0,0.0,5.0,0.0,54.333333333333336,2.0,0.0,0.7068106291222729,0.005431253170979197,0.007730213089802133,4.625929269271485e-18,0.0,0.014088660578386605,0.0,0.1655828259766616,0.006928589548452563,0.0,29.666666666666668,0.09342782851344487,326.6666666666667,0.3333333333333333,0.0008333333333333334,0.0,0.0,0.0,0.0,2021-06-10
194.66666666666666,1.3333333333333333,3.0,0.0,0.0,2.6666666666666665,0.0,46.666666666666664,3.0,0.0,0.7062461129932407,0.004597919837645865,0.01092913782098493,4.625929269271485e-18,0.0,0.009787585309569401,0.0,0.16991078296590892,0.01096084761296869,0.0,24.666666666666668,0.08756761345968143,276.0,0.0,0.0,0.0,0.0,0.0,0.0,2021-06-11
142.66666666666666,1.0,2.3333333333333335,0.0,0.0,2.3333333333333335,0.0,38.333333333333336,4.666666666666667,0.0,0.6723256955111793,0.006283068783068783,0.011472734254992322,4.625929269271485e-18,0.0,0.011472734254992319,0.0,0.19790599931728967,0.033628818911076976,0.0,15.333333333333334,0.0669109489674005,206.66666666666666,0.0,0.0,0.0,0.0,0.0,0.0,2021-06-12
84.0,0.3333333333333333,1.3333333333333333,0.0,0.0,1.3333333333333333,0.0,28.333333333333332,3.0,0.0,0.6150481435689933,0.003968253968253968,0.008000512032770099,4.625929269271485e-18,0.0,0.008000512032770099,0.0,0.29566458106977384,0.027841781874039934,0.0,6.0,0.0414762154533987,124.33333333333333,0.0,0.0,0.0,0.0,0.0,0.0,2021-06-13
58.333333333333336,1.0,1.0,0.0,0.0,1.0,0.0,35.0,2.6666666666666665,0.0,0.5597068625965762,0.007591442374051069,0.007591442374051072,4.625929269271485e-18,0.0,0.007591442374051069,0.0,0.3534018414718309,0.02743271221532091,0.0,4.0,0.03668425659411866,103.0,0.0,0.0,0.0,0.0,0.0,0.0,2021-06-14
78.33333333333333,1.3333333333333333,1.3333333333333333,0.0,0.0,1.6666666666666667,0.0,51.333333333333336,1.0,0.0,0.5451431690988726,0.007007283160450232,0.007007283160450233,4.625929269271485e-18,0.0,0.008699330537776797,0.0,0.3907880311422845,0.005315235783123667,0.0,5.666666666666667,0.036039667117041874,140.66666666666666,0.0,0.0,0.0,0.0,0.0,0.0,2021-06-15
105.0,1.3333333333333333,2.0,0.0,0.0,2.6666666666666665,0.0,66.66666666666667,2.0,0.0,0.5573824762745531,0.007007283160450232,0.010630471566247334,4.625929269271485e-18,0.0,0.014134113146472449,0.0,0.35407010961524316,0.010750018391819318,0.0,8.666666666666666,0.046025527845214374,188.33333333333334,0.0,0.0,0.0,0.0,0.0,0.0,2021-06-16
102.33333333333333,1.6666666666666667,2.0,0.3333333333333333,0.0,2.6666666666666665,0.0,70.33333333333333,3.0,0.0,0.5291216067093356,0.00838409475465313,0.010340616493783567,0.0016666666666666713,0.0,0.013844258074008681,0.0,0.36283822555727213,0.01546016331935555,0.0,11.333333333333334,0.05834436842492452,193.66666666666666,0.0,0.0,0.0,0.0,0.0,0.0,2021-06-17
84.33333333333333,2.3333333333333335,1.3333333333333333,0.3333333333333333,0.0,1.6666666666666667,0.0,66.0,4.666666666666667,0.0,0.48101023017902816,0.01480392156862745,0.006956521739130438,0.0016666666666666713,0.0,0.008768115942028984,0.0,0.38334185848252345,0.02847399829497016,0.0,12.666666666666666,0.07497868712702464,173.33333333333334,0.0,0.0,0.0,0.0,0.0,0.0,2021-06-18
70.0,2.6666666666666665,1.3333333333333333,0.3333333333333333,0.0,2.0,0.0,67.66666666666667,4.0,0.0,0.4401960784313725,0.017254901960784313,0.008235294117647061,0.0016666666666666713,0.0,0.013137254901960785,0.0,0.4371568627450981,0.025490196078431376,0.0,9.333333333333334,0.056862745098039125,157.33333333333334,0.0,0.0,0.0,0.0,0.0,0.0,2021-06-19
42.333333333333336,1.6666666666666667,0.6666666666666666,0.0,0.0,1.3333333333333333,0.0,46.666666666666664,2.3333333333333335,0.0,0.4300108932461873,0.012254901960784314,0.004901960784313728,4.625929269271485e-18,0.0,0.009803921568627449,0.0,0.48166303558460416,0.01715686274509804,0.0,4.666666666666667,0.044208424110384816,99.66666666666667,0.0,0.0,0.0,0.0,0.0,0.0,2021-06-20
48.0,0.6666666666666666,1.0,0.0,0.0,1.3333333333333333,0.0,58.0,1.0,0.0,0.43045652604476126,0.004344919786096257,0.006795900178253121,4.625929269271485e-18,0.0,0.00980392156862745,0.0,0.5148626790783654,0.00623885918003565,0.0,3.0,0.02749719416386075,113.0,0.0,0.0,0.0,0.0,0.0,0.0,2021-06-21
39.666666666666664,0.3333333333333333,0.3333333333333333,0.0,0.0,1.3333333333333333,0.0,61.666666666666664,1.3333333333333333,0.0,0.3710064302169565,0.001893939393939394,0.0018939393939393964,4.625929269271485e-18,0.0,0.010025062656641603,0.0,0.5463015704243774,0.00880041011619959,0.0,7.333333333333333,0.060078647797945965,112.0,0.0,0.0,0.0,0.0,0.0,0.0,2021-06-22
50.666666666666664,0.3333333333333333,0.6666666666666666,0.0,0.0,1.6666666666666667,0.0,82.0,1.6666666666666667,0.0,0.33396939317991947,0.001893939393939394,0.004363075196408532,4.625929269271485e-18,0.0,0.012494198459110739,0.0,0.5586472494367232,0.011269545918668725,0.0,11.0,0.07736259841522991,148.0,0.0,0.0,0.0,0.0,0.0,0.0,2021-06-23
34.666666666666664,0.0,0.3333333333333333,0.0,0.0,2.3333333333333335,0.0,80.0,1.0,0.0,0.26726420571202014,0.0,0.0024691358024691384,4.625929269271485e-18,0.0,0.018143915973235034,0.0,0.625480839575398,0.007481667130789938,0.0,10.333333333333334,0.07916023580608765,128.66666666666666,0.0,0.0,0.0,0.0,0.0,0.0,2021-06-24
38.666666666666664,0.3333333333333333,0.6666666666666666,0.0,0.0,1.3333333333333333,0.0,76.33333333333333,1.0,0.0,0.3017449387947269,0.0026041666666666665,0.005073302469135805,4.625929269271485e-18,0.0,0.010723019983260097,0.0,0.6047649874450722,0.007677469135802469,0.0,8.666666666666666,0.06741211550533577,127.0,0.0,0.0,0.0,0.0,0.0,0.0,2021-06-25
26.333333333333332,0.6666666666666666,0.3333333333333333,0.0,0.0,1.3333333333333333,0.0,73.0,0.6666666666666666,0.0,0.2239671610169491,0.0067708333333333336,0.002604166666666669,4.625929269271485e-18,0.0,0.012420550847457627,0.0,0.6904131355932203,0.005208333333333333,0.0,6.333333333333333,0.058615819209039466,108.66666666666667,0.0,0.0,0.0,0.0,0.0,0.0,2021-06-26
18.666666666666668,0.6666666666666666,0.3333333333333333,0.0,0.0,0.6666666666666666,0.0,50.0,0.6666666666666666,0.0,0.20607638888888888,0.0067708333333333336,0.002604166666666669,4.625929269271485e-18,0.0,0.0067708333333333336,0.0,0.7309027777777778,0.005208333333333333,0.0,4.333333333333333,0.04166666666666659,75.33333333333333,0.0,0.0,0.0,0.0,0.0,0.0,2021-06-27
13.333333333333334,0.3333333333333333,0.0,0.0,0.0,0.6666666666666666,0.0,56.0,0.0,0.0,0.16747967479674794,0.004166666666666667,2.3129646346357427e-18,4.625929269271485e-18,0.0,0.006876693766937669,0.0,0.7870934959349594,0.0,0.0,3.3333333333333335,0.03438346883468827,73.66666666666667,0.0,0.0,0.0,0.0,0.0,0.0,2021-06-28
27.666666666666668,0.0,0.3333333333333333,0.0,0.0,1.6666666666666667,0.0,77.66666666666667,1.0,0.0,0.21789018382794664,0.0,0.0016420361247947478,4.625929269271485e-18,0.0,0.009278171599449986,0.0,0.7297248588249431,0.0049261083743842365,0.0,6.333333333333333,0.03653864124848137,114.66666666666667,0.0,0.0,0.0,0.0,0.0,0.0,2021-06-29
32.666666666666664,0.3333333333333333,0.3333333333333333,0.0,0.0,2.3333333333333335,0.0,110.0,1.6666666666666667,0.0,0.2031509548030033,0.0022675736961451248,0.0016420361247947478,4.625929269271485e-18,0.0,0.013813318991740235,0.0,0.705915335015419,0.009461255766674484,0.0,10.333333333333334,0.06374952560222287,157.66666666666666,0.0,0.0,0.0,0.0,0.0,0.0,2021-06-30
27.0,0.3333333333333333,0.3333333333333333,0.0,0.0,3.6666666666666665,0.0,123.0,2.0,0.0,0.15177105324888573,0.0022675736961451248,0.0016420361247947478,4.625929269271485e-18,0.0,0.022441160372194856,0.0,0.7554148096020018,0.01172882946281961,0.0,9.333333333333334,0.0547345374931581,165.66666666666666,0.0,0.0,0.0,0.0,0.0,0.0,2021-07-01
14.0,0.3333333333333333,0.3333333333333333,0.0,0.0,3.3333333333333335,0.0,126.66666666666667,1.0,0.0,0.09350491789072313,0.0022675736961451248,0.002123142250530788,4.625929269271485e-18,0.0,0.02224244262460823,0.0,0.8413131707035255,0.006802721088435374,0.0,4.666666666666667,0.03174603174603167,150.33333333333334,0.0,0.0,0.0,0.0,0.0,0.0,2021-07-02
12.333333333333334,0.0,0.3333333333333333,0.0,0.0,2.6666666666666665,0.0,111.66666666666667,0.6666666666666666,0.0,0.10618653374694216,0.0,0.002123142250530788,4.625929269271485e-18,0.0,0.017707295232317982,0.0,0.8630650813443251,0.006382800033593684,0.0,0.6666666666666666,0.004535147392290171,128.33333333333334,0.0,0.0,0.0,0.0,0.0,0.0,2021-07-03
9.666666666666666,0.0,0.3333333333333333,0.0,0.0,1.0,0.0,78.66666666666667,0.3333333333333333,0.0,0.12064231605986735,0.0,0.002123142250530788,4.625929269271485e-18,0.0,0.006369426751592356,0.0,0.866749888600561,0.004115226337448559,0.0,0.0,0.0,90.0,0.0,0.0,0.0,0.0,0.0,0.0,2021-07-04
13.666666666666666,0.3333333333333333,0.0,0.3333333333333333,0.0,1.0,0.0,70.33333333333333,0.3333333333333333,0.0,0.14995912960144311,0.00228310502283105,2.3129646346357427e-18,0.002283105022831055,0.0,0.00684931506849315,0.0,0.832227013924122,0.004115226337448559,0.0,0.3333333333333333,0.0022831050228309716,86.33333333333333,0.0,0.0,0.0,0.0,0.0,0.0,2021-07-05
13.666666666666666,0.3333333333333333,0.0,0.3333333333333333,0.0,2.6666666666666665,0.0,88.66666666666667,0.0,0.0,0.12593964526449844,0.00228310502283105,2.3129646346357427e-18,0.002283105022831055,0.0,0.018187183549218774,0.0,0.8331508402447737,0.0,0.0,2.6666666666666665,0.018156120895846842,108.33333333333333,0.0,0.0,0.0,0.0,0.0,0.0,2021-07-06
22.666666666666668,0.3333333333333333,0.0,0.3333333333333333,0.0,3.3333333333333335,0.0,142.0,0.0,0.0,0.1301989045237577,0.00228310502283105,2.3129646346357427e-18,0.002283105022831055,0.0,0.021150146512181736,0.0,0.8200026920966256,0.0,0.0,4.0,0.02408204682177277,172.66666666666666,0.0,0.0,0.0,0.0,0.0,0.0,2021-07-07
17.0,0.0,0.0,0.0,0.0,3.3333333333333335,0.0,152.66666666666666,0.3333333333333333,0.0,0.08954579811722667,0.0,2.3129646346357427e-18,4.625929269271485e-18,0.0,0.020361437504294647,0.0,0.8541524084381228,0.00202020202020202,0.0,5.666666666666667,0.033920153920153844,179.0,0.0,0.0,0.0,0.0,0.0,0.0,2021-07-08
16.333333333333332,0.0,0.0,0.0,0.0,2.0,0.0,145.0,0.3333333333333333,0.0,0.09280543530543528,0.0,2.3129646346357427e-18,4.625929269271485e-18,0.0,0.011999759499759502,0.0,0.8721512746512746,0.00202020202020202,0.0,3.6666666666666665,0.021023328523328444,167.33333333333334,0.0,0.0,0.0,0.0,0.0,0.0,2021-07-09
8.0,0.0,0.0,0.0,0.0,2.3333333333333335,0.0,104.66666666666667,0.3333333333333333,0.0,0.07285353535353532,0.0,2.3129646346357427e-18,4.625929269271485e-18,0.0,0.022023809523809525,0.0,0.8836760461760461,0.00202020202020202,0.0,2.6666666666666665,0.019426406926406847,118.0,0.0,0.0,0.0,0.0,0.0,0.0,2021-07-10
6.333333333333333,0.0,0.0,0.0,0.0,1.3333333333333333,0.0,63.666666666666664,0.0,0.0,0.08170062695924762,0.0,2.3129646346357427e-18,4.625929269271485e-18,0.0,0.015963203463203464,0.0,0.8720424690252275,0.0,0.0,1.3333333333333333,0.030293700552321164,72.66666666666667,0.0,0.0,0.0,0.0,0.0,0.0,2021-07-11
9.0,0.0,0.0,0.0,0.0,1.6666666666666667,0.0,88.66666666666667,0.0,0.0,0.08111143189035712,0.0,2.3129646346357427e-18,4.625929269271485e-18,0.0,0.016371107741666117,0.0,0.8718158555371929,0.0,0.0,1.6666666666666667,0.03070160483078382,101.0,0.0,0.0,0.0,0.0,0.0,0.0,2021-07-12
10.666666666666666,0.0,0.0,0.0,0.0,2.6666666666666665,0.0,122.66666666666667,0.0,0.0,0.07453775865001722,0.0,2.3129646346357427e-18,4.625929269271485e-18,0.0,0.013966105336663712,0.0,0.8798325302205341,0.0,0.0,2.3333333333333335,0.03166360579278478,138.33333333333334,0.0,0.0,0.0,0.0,0.0,0.0,2021-07-13
11.666666666666666,0.0,0.0,0.0,0.0,3.3333333333333335,0.0,171.0,0.0,0.0,0.06080851216215003,0.0,2.3129646346357427e-18,4.625929269271485e-18,0.0,0.017669809040367416,0.0,0.9072910231962686,0.0,0.0,2.6666666666666665,0.014230655601213898,188.66666666666666,0.0,0.0,0.0,0.0,0.0,0.0,2021-07-14
11.0,0.0,0.0,0.0,0.0,3.0,0.0,186.33333333333334,0.0,0.0,0.05246913580246911,0.0,2.3129646346357427e-18,4.625929269271485e-18,0.0,0.01568627450980392,0.0,0.920998028841166,0.0,0.0,2.0,0.010846560846560766,202.33333333333334,0.0,0.0,0.0,0.0,0.0,0.0,2021-07-15
9.333333333333334,0.0,0.0,0.0,0.0,1.3333333333333333,0.0,181.0,0.0,0.0,0.04549114331723025,0.0,2.3129646346357427e-18,4.625929269271485e-18,0.0,0.00717465730253454,0.0,0.9397082504499386,0.0,0.0,1.3333333333333333,0.007625948930296678,193.0,0.0,0.0,0.0,0.0,0.0,0.0,2021-07-16
8.333333333333334,0.0,0.0,0.0,0.0,1.3333333333333333,0.0,161.33333333333334,0.3333333333333333,0.0,0.04192988975597669,0.0,2.3129646346357427e-18,4.625929269271485e-18,0.0,0.009168959296836534,0.0,0.9411327518744398,0.002849002849002849,0.0,0.6666666666666666,0.004919396223743972,172.0,0.0,0.0,0.0,0.0,0.0,0.0,2021-07-17
3.0,0.0,0.0,0.0,0.0,1.0,0.0,106.66666666666667,0.3333333333333333,0.0,0.023968319162827146,0.0,2.3129646346357427e-18,4.625929269271485e-18,0.0,0.007768399072746898,0.0,0.960494882691679,0.002849002849002849,0.0,0.6666666666666666,0.004919396223743972,111.66666666666667,0.0,0.0,0.0,0.0,0.0,0.0,2021-07-18
2.6666666666666665,0.0,0.0,0.0,0.0,0.6666666666666666,0.0,132.33333333333334,0.3333333333333333,0.0,0.018638157495940222,0.0,2.3129646346357427e-18,4.625929269271485e-18,0.0,0.005698005698005697,0.0,0.9699658311080483,0.002849002849002849,0.0,0.3333333333333333,0.0028490028490027706,136.33333333333334,0.0,0.0,0.0,0.0,0.0,0.0,2021-07-19
4.333333333333333,0.0,0.0,0.0,0.0,0.0,0.0,185.66666666666666,0.3333333333333333,0.0,0.021243829140757776,0.0,2.3129646346357427e-18,4.625929269271485e-18,0.0,0.0,0.0,0.9751974519980321,0.0011862396204033213,0.0,0.6666666666666666,0.002372479240806564,191.0,0.0,0.0,0.0,0.0,0.0,0.0,2021-07-20
7.0,0.0,0.0,0.0,0.0,0.0,0.0,301.3333333333333,0.6666666666666666,0.0,0.022624791587034107,0.0,2.3129646346357427e-18,4.625929269271485e-18,0.0,0.0,0.0,0.9714068509975391,0.001989452471808944,0.0,1.3333333333333333,0.00397890494361781,310.3333333333333,0.0,0.0,0.0,0.0,0.0,0.0,2021-07-21
7.666666666666667,0.0,0.0,0.0,0.0,0.3333333333333333,0.0,336.0,0.6666666666666666,0.0,0.022295878029628412,0.0,2.3129646346357427e-18,4.625929269271485e-18,0.0,0.0009661835748792259,0.0,0.9678710302554278,0.001989452471808944,0.0,2.3333333333333335,0.00687745566825549,347.0,0.0,0.0,0.0,0.0,0.0,0.0,2021-07-22
8.666666666666666,0.0,0.0,0.0,0.0,0.3333333333333333,0.0,356.3333333333333,0.6666666666666666,0.0,0.023654036435597436,0.0,2.3129646346357427e-18,4.625929269271485e-18,0.0,0.0009661835748792259,0.0,0.9671730399860311,0.0017693964262848496,0.0,2.3333333333333335,0.006437343577207301,368.3333333333333,0.0,0.0,0.0,0.0,0.0,0.0,2021-07-23
7.333333333333333,0.0,0.0,0.0,0.0,0.3333333333333333,0.0,312.6666666666667,0.3333333333333333,0.0,0.02235631887496344,0.0,2.3129646346357427e-18,4.625929269271485e-18,0.0,0.0009661835748792259,0.0,0.9661354376192687,0.000966183574879227,0.0,3.0,0.009575876356009342,323.6666666666667,0.0,0.0,0.0,0.0,0.0,0.0,2021-07-24
5.0,0.0,0.0,0.0,0.0,0.0,0.0,218.0,0.3333333333333333,0.0,0.015593033850808851,0.0,2.3129646346357427e-18,4.625929269271485e-18,0.0,0.0,0.0,0.9639429441224273,0.000966183574879227,0.0,2.6666666666666665,0.01949783845188448,226.0,0.0,0.0,0.0,0.0,0.0,0.0,2021-07-25
4.333333333333333,0.0,0.0,0.0,0.0,0.0,0.0,205.33333333333334,0.0,0.0,0.014703127926577983,0.0,2.3129646346357427e-18,4.625929269271485e-18,0.0,0.0,0.0,0.9655384183151555,0.0,0.0,2.6666666666666665,0.01975845375826638,212.33333333333334,0.0,0.0,0.0,0.0,0.0,0.0,2021-07-26
5.333333333333333,0.0,0.0,0.0,0.0,0.0,0.0,206.33333333333334,0.0,0.0,0.018161601186063723,0.0,2.3129646346357427e-18,4.625929269271485e-18,0.0,0.0,0.0,0.9656511946170953,0.0,0.0,1.6666666666666667,0.016187204196840888,213.33333333333334,0.0,0.0,0.0,0.0,0.0,0.0,2021-07-27
7.0,0.0,0.0,0.0,0.0,0.0,0.0,288.6666666666667,0.0,0.0,0.0236440573264146,0.0,2.3129646346357427e-18,4.625929269271485e-18,0.0,0.0,0.0,0.9707962688411169,0.0,0.0,1.6666666666666667,0.005559673832468417,297.3333333333333,0.0,0.0,0.0,0.0,0.0,0.0,2021-07-28
4.666666666666667,0.0,0.0,0.0,0.0,0.3333333333333333,0.0,280.3333333333333,0.3333333333333333,0.0,0.016097617697931627,0.0,2.3129646346357427e-18,4.625929269271485e-18,0.0,0.0012254901960784303,0.0,0.9780847105335834,0.0012254901960784314,0.0,1.0,0.0033666913763280657,286.6666666666667,0.0,0.0,0.0,0.0,0.0,0.0,2021-07-29
4.333333333333333,0.0,0.0,0.0,0.0,0.6666666666666666,0.0,290.3333333333333,0.3333333333333333,0.0,0.01409191258115502,0.0,2.3129646346357427e-18,4.625929269271485e-18,0.0,0.0022803425167535357,0.0,0.9770447152878474,0.0012254901960784314,0.0,1.6666666666666667,0.0053575394181655895,297.3333333333333,0.0,0.0,0.0,0.0,0.0,0.0,2021-07-30
3.3333333333333335,0.0,0.0,0.0,0.0,0.6666666666666666,0.0,232.33333333333334,0.3333333333333333,0.0,0.013900461731809434,0.0,2.3129646346357427e-18,4.625929269271485e-18,0.0,0.0022803425167535357,0.0,0.9767836459478305,0.0012254901960784314,0.0,1.3333333333333333,0.005810059607527884,238.0,0.0,0.0,0.0,0.0,0.0,0.0,2021-07-31
3.0,0.0,0.0,0.0,0.0,0.3333333333333333,0.0,154.66666666666666,0.0,0.0,0.012674971535731001,0.0,2.3129646346357427e-18,4.625929269271485e-18,0.0,0.0010548523206751043,0.0,0.980460116536066,0.0,0.0,1.3333333333333333,0.005810059607527884,159.33333333333334,0.0,0.0,0.0,0.0,0.0,0.0,2021-08-01
3.0,0.0,0.0,0.0,0.0,0.0,0.0,169.0,0.0,0.0,0.011863775244056907,0.0,2.3129646346357427e-18,4.625929269271485e-18,0.0,0.0,0.0,0.9854907221104403,0.0,0.0,0.3333333333333333,0.002645502645502567,172.33333333333334,0.0,0.0,0.0,0.0,0.0,0.0,2021-08-02
3.6666666666666665,0.0,0.0,0.0,0.0,0.0,0.0,240.66666666666666,0.0,0.0,0.010448738945299678,0.0,2.3129646346357427e-18,4.625929269271485e-18,0.0,0.0,0.0,0.9876132765585762,0.0,0.0,0.6666666666666666,0.0019379844961239523,245.0,0.0,0.0,0.0,0.0,0.0,0.0,2021-08-03
4.0,0.0,0.0,0.0,0.0,0.0,0.0,385.6666666666667,0.0,0.0,0.011151973825749749,0.0,2.3129646346357427e-18,4.625929269271485e-18,0.0,0.0,0.0,0.985503571917226,0.0,0.0,1.3333333333333333,0.003344454257024093,391.0,0.0,0.0,0.0,0.0,0.0,0.0,2021-08-04
3.0,0.0,0.0,0.0,0.0,0.3333333333333333,0.0,387.0,0.0,0.0,0.008314031136937133,0.0,2.3129646346357427e-18,4.625929269271485e-18,0.0,0.0009337068160597561,0.0,0.9874078077899789,0.0,0.0,1.3333333333333333,0.003344454257024093,391.6666666666667,0.0,0.0,0.0,0.0,0.0,0.0,2021-08-05
2.6666666666666665,0.0,0.0,0.0,0.0,0.3333333333333333,0.0,371.0,0.0,0.0,0.007851031427965522,0.0,2.3129646346357427e-18,4.625929269271485e-18,0.0,0.0009337068160597561,0.0,0.9898087919950745,0.0,0.0,0.6666666666666666,0.001406469760900062,374.6666666666667,0.0,0.0,0.0,0.0,0.0,0.0,2021-08-06
2.6666666666666665,0.0,0.0,0.0,0.0,0.3333333333333333,0.0,285.3333333333333,0.0,0.0,0.008691006424058663,0.0,2.3129646346357427e-18,4.625929269271485e-18,0.0,0.0009337068160597561,0.0,0.9888320768833383,0.0,0.0,0.3333333333333333,0.001543209876543131,288.6666666666667,0.0,0.0,0.0,0.0,0.0,0.0,2021-08-07
1.6666666666666667,0.0,0.0,0.0,0.0,0.0,0.0,200.0,0.0,0.0,0.00839260527665812,0.0,2.3129646346357427e-18,4.625929269271485e-18,0.0,0.0,0.0,0.9900641848467986,0.0,0.0,0.3333333333333333,0.001543209876543131,202.0,0.0,0.0,0.0,0.0,0.0,0.0,2021-08-08
1.6666666666666667,0.0,0.0,0.0,0.0,0.3333333333333333,0.0,283.3333333333333,0.6666666666666666,0.0,0.006807789558281122,0.0,2.3129646346357427e-18,4.625929269271485e-18,0.0,0.0006093845216331494,0.0,0.989211462478643,0.001218769043266301,0.0,0.6666666666666666,0.0021525943981762817,286.6666666666667,0.0,0.0,0.0,0.0,0.0,0.0,2021-08-09
2.3333333333333335,0.0,0.0,0.0,0.0,0.6666666666666666,0.0,370.0,0.6666666666666666,0.0,0.007347913015071245,0.0,2.3129646346357427e-18,4.625929269271485e-18,0.0,0.0013038289660775937,0.0,0.9881312155650628,0.001218769043266301,0.0,1.0,0.0019982734105219607,374.6666666666667,0.0,0.0,0.0,0.0,0.0,0.0,2021-08-10
3.0,0.0,0.0,0.0,0.0,1.0,0.0,529.6666666666666,0.6666666666666666,0.0,0.00563860261498578,0.0,2.3129646346357427e-18,4.625929269271485e-18,0.0,0.001879534204995268,0.0,0.9892648207262306,0.001218769043266301,0.0,1.0,0.0019982734105219607,535.3333333333334,0.0,0.0,0.0,0.0,0.0,0.0,2021-08-11
2.3333333333333335,0.0,0.0,0.0,0.0,0.6666666666666666,0.0,475.3333333333333,0.0,0.0,0.004689956525899873,0.0,2.3129646346357427e-18,4.625929269271485e-18,0.0,0.0012701496833621175,0.0,0.9917714974260355,0.0,0.0,1.0,0.0022683963647023545,479.3333333333333,0.0,0.0,0.0,0.0,0.0,0.0,2021-08-12
1.6666666666666667,0.0,0.0,0.0,0.0,0.3333333333333333,0.0,446.0,0.3333333333333333,0.0,0.003463521221701072,0.0,2.3129646346357427e-18,4.625929269271485e-18,0.0,0.0005757052389176731,0.0,0.9933674700052987,0.0008568980291345329,0.0,0.6666666666666666,0.0017364055049479989,449.0,0.0,0.0,0.0,0.0,0.0,0.0,2021-08-13
0.6666666666666666,0.0,0.0,0.0,0.0,0.0,0.0,319.0,0.3333333333333333,0.0,0.0017364055049480496,0.0,2.3129646346357427e-18,4.625929269271485e-18,0.0,0.0,0.0,0.9956702909609693,0.0008568980291345329,0.0,0.6666666666666666,0.0017364055049479989,320.6666666666667,0.0,0.0,0.0,0.0,0.0,0.0,2021-08-14
0.6666666666666666,0.0,0.0,0.0,0.0,0.0,0.0,251.33333333333334,0.3333333333333333,0.0,0.00276165993389641,0.0,2.3129646346357427e-18,4.625929269271485e-18,0.0,0.0,0.0,0.9955245440078345,0.0008568980291345329,0.0,0.3333333333333333,0.0008568980291344543,252.66666666666666,0.0,0.0,0.0,0.0,0.0,0.0,2021-08-15
0.6666666666666666,0.0,0.0,0.0,0.0,0.0,0.0,380.6666666666667,0.0,0.0,0.002333762333762306,0.0,2.3129646346357427e-18,4.625929269271485e-18,0.0,0.0,0.0,0.9968082368082368,0.0,0.0,0.6666666666666666,0.0008580008580007793,382.0,0.0,0.0,0.0,0.0,0.0,0.0,2021-08-16
3.0,0.0,0.0,0.0,0.0,0.0,0.0,497.3333333333333,0.0,0.0,0.006568487076654018,0.0,2.3129646346357427e-18,4.625929269271485e-18,0.0,0.0,0.0,0.992573512065345,0.0,0.0,0.6666666666666666,0.0008580008580007793,501.0,0.0,0.0,0.0,0.0,0.0,0.0,2021-08-17
3.6666666666666665,0.0,0.0,0.0,0.0,0.0,0.0,662.3333333333334,0.3333333333333333,0.0,0.006147404697114666,0.0,2.3129646346357427e-18,4.625929269271485e-18,0.0,0.0,0.0,0.9920054747614028,0.0004945598417408506,0.0,1.0,0.0013525606997416301,667.3333333333334,0.0,0.0,0.0,0.0,0.0,0.0,2021-08-18
3.3333333333333335,0.0,0.0,0.0,0.0,0.0,0.0,594.3333333333334,0.3333333333333333,0.0,0.005718404268114236,0.0,2.3129646346357427e-18,4.625929269271485e-18,0.0,0.0,0.0,0.9927087048866995,0.0004945598417408506,0.0,0.6666666666666666,0.0010783310034453838,598.6666666666666,0.0,0.0,0.0,0.0,0.0,0.0,2021-08-19
3.0,0.0,0.0,0.0,0.0,0.3333333333333333,0.0,703.0,0.3333333333333333,0.0,0.003761583853240748,0.0,2.3129646346357427e-18,4.625929269271485e-18,0.0,0.00037965072133636953,0.0,0.9939062238589003,0.0004945598417408506,0.0,1.0,0.0014579817247817543,707.6666666666666,0.0,0.0,0.0,0.0,0.0,0.0,2021-08-20
2.3333333333333335,0.0,0.0,0.0,0.0,0.3333333333333333,0.0,569.6666666666666,0.0,0.0,0.0035124722292527635,0.0,2.3129646346357427e-18,4.625929269271485e-18,0.0,0.00037965072133636953,0.0,0.9951444551663698,0.0,0.0,0.6666666666666666,0.0009634218830409036,573.0,0.0,0.0,0.0,0.0,0.0,0.0,2021-08-21
2.3333333333333335,0.0,0.0,0.0,0.0,0.3333333333333333,0.0,442.0,0.0,0.0,0.0035124722292527635,0.0,2.3129646346357427e-18,4.625929269271485e-18,0.0,0.00037965072133636953,0.0,0.9957282263280746,0.0,0.0,0.3333333333333333,0.0003796507213362919,445.0,0.0,0.0,0.0,0.0,0.0,0.0,2021-08-22
0.6666666666666666,0.0,0.0,0.0,0.0,0.0,0.0,472.3333333333333,0.0,0.0,0.0015810682477348868,0.0,2.3129646346357427e-18,4.625929269271485e-18,0.0,0.0,0.0,0.9984189317522651,0.0,0.0,0.0,0.0,473.0,0.0,0.0,0.0,0.0,0.0,0.0,2021-08-23
1.6666666666666667,0.0,0.0,0.0,0.0,0.0,0.0,745.6666666666666,0.0,0.0,0.00156526938976662,0.0,2.3129646346357427e-18,4.625929269271485e-18,0.0,0.0,0.0,0.9981300383494167,0.0,0.0,0.3333333333333333,0.0003046922608164966,747.6666666666666,0.0,0.0,0.0,0.0,0.0,0.0,2021-08-24
2.0,0.0,0.0,0.0,0.0,0.0,0.0,911.3333333333334,0.0,0.0,0.002051178038940575,0.0,2.3129646346357427e-18,4.625929269271485e-18,0.0,0.0,0.0,0.9971582210510689,0.0,0.0,0.6666666666666666,0.0007906009099904518,914.0,0.0,0.0,0.0,0.0,0.0,0.0,2021-08-25
2.0,0.0,0.0,0.0,0.0,0.0,0.0,840.0,0.0,0.0,0.0021503104910142036,0.0,2.3129646346357427e-18,4.625929269271485e-18,0.0,0.0,0.0,0.9970590885989953,0.0,0.0,0.6666666666666666,0.000790600909990452,842.6666666666666,0.0,0.0,0.0,0.0,0.0,0.0,2021-08-26
1.3333333333333333,0.0,0.0,0.0,0.0,0.0,0.0,781.0,0.0,0.0,0.0016609360502278442,0.0,2.3129646346357427e-18,4.625929269271485e-18,0.0,0.0,0.0,0.9978531553005983,0.0,0.0,0.3333333333333333,0.00048590864917387667,782.6666666666666,0.0,0.0,0.0,0.0,0.0,0.0,2021-08-27
1.0,0.0,0.0,0.0,0.0,0.0,0.0,647.6666666666666,0.0,0.0,0.001175027401053889,0.0,2.3129646346357427e-18,4.625929269271485e-18,0.0,0.0,0.0,0.9988249725989462,0.0,0.0,0.0,0.0,648.6666666666666,0.0,0.0,0.0,0.0,0.0,0.0,2021-08-28
0.6666666666666666,0.0,0.0,0.0,0.0,0.0,0.0,428.6666666666667,0.0,0.0,0.0007293946024799139,0.0,2.3129646346357427e-18,4.625929269271485e-18,0.0,0.0,0.0,0.9992706053975201,0.0,0.0,0.0,0.0,429.3333333333333,0.0,0.0,0.0,0.0,0.0,0.0,2021-08-29
0.3333333333333333,0.0,0.0,0.0,0.0,0.0,0.0,388.3333333333333,0.0,0.0,0.00042087542087539316,0.0,2.3129646346357427e-18,4.625929269271485e-18,0.0,0.0,0.0,0.9995791245791246,0.0,0.0,0.0,0.0,388.6666666666667,0.0,0.0,0.0,0.0,0.0,0.0,2021-08-30
0.3333333333333333,0.0,0.0,0.0,0.0,0.0,0.0,509.6666666666667,0.0,0.0,0.00042087542087539316,0.0,2.3129646346357427e-18,4.625929269271485e-18,0.0,0.0,0.0,0.9995791245791246,0.0,0.0,0.0,0.0,510.0,0.0,0.0,0.0,0.0,0.0,0.0,2021-08-31
0.3333333333333333,0.0,0.0,0.0,0.0,0.0,0.0,796.3333333333334,0.0,0.0,0.00042087542087539316,0.0,2.3129646346357427e-18,4.625929269271485e-18,0.0,0.0,0.0,0.999228616342181,0.0,0.0,0.3333333333333333,0.0003505082369434896,797.0,0.0,0.0,0.0,0.0,0.0,0.0,2021-09-01
0.3333333333333333,0.0,0.0,0.0,0.0,0.3333333333333333,0.0,882.6666666666666,0.0,0.0,0.00031565656565653793,0.0,2.3129646346357427e-18,4.625929269271485e-18,0.0,0.00031565656565656465,0.0,0.997755552369117,0.0,0.0,1.6666666666666667,0.0016131344995697523,885.0,0.3333333333333333,0.0003156565656565657,0.0,0.0,0.0,0.0,2021-09-02
0.6666666666666666,0.3333333333333333,0.0,0.0,0.0,0.3333333333333333,0.0,848.3333333333334,0.0,0.0,0.000923929071739263,0.0006082725060827251,2.3129646346357427e-18,4.625929269271485e-18,0.0,0.00031565656565656465,0.0,0.9959307348508689,0.0,0.0,2.0,0.002221407005652477,851.6666666666666,0.3333333333333333,0.0003156565656565657,0.0,0.0,0.0,0.0,2021-09-03
0.6666666666666666,0.3333333333333333,0.0,0.0,0.0,0.3333333333333333,0.0,631.0,0.0,0.0,0.000923929071739263,0.0006082725060827251,2.3129646346357427e-18,4.625929269271485e-18,0.0,0.00031565656565656465,0.0,0.9962812430878124,0.0,0.0,1.6666666666666667,0.001870898768708909,634.0,0.3333333333333333,0.0003156565656565657,0.0,0.0,0.0,0.0,2021-09-04
0.3333333333333333,0.3333333333333333,0.0,0.0,0.0,0.0,0.0,327.6666666666667,0.0,0.0,0.0006082725060826973,0.0006082725060827251,2.3129646346357427e-18,4.625929269271485e-18,0.0,0.0,0.0,0.9981751824817519,0.0,0.0,0.3333333333333333,0.0006082725060826466,328.6666666666667,0.0,0.0,0.0,0.0,0.0,0.0,2021-09-05
0.0,0.0,0.0,0.0,0.0,0.0,0.0,458.3333333333333,0.0,0.0,0.0,0.0,2.3129646346357427e-18,4.625929269271485e-18,0.0,0.0,0.0,1.0,0.0,0.0,0.0,0.0,458.3333333333333,0.0,0.0,0.0,0.0,0.0,0.0,2021-09-06
0.3333333333333333,0.0,0.0,0.0,0.0,0.0,0.0,629.3333333333334,0.0,0.0,0.0004105090311986586,0.0,2.3129646346357427e-18,4.625929269271485e-18,0.0,0.0,0.0,0.9995894909688013,0.0,0.0,0.0,0.0,629.6666666666666,0.0,0.0,0.0,0.0,0.0,0.0,2021-09-07
0.3333333333333333,0.0,0.0,0.0,0.0,0.0,0.0,843.6666666666666,0.0,0.0,0.0004105090311986586,0.0,2.3129646346357427e-18,4.625929269271485e-18,0.0,0.0,0.0,0.9995894909688013,0.0,0.0,0.0,0.0,844.0,0.0,0.0,0.0,0.0,0.0,0.0,2021-09-08
0.6666666666666666,0.0,0.0,0.0,0.0,0.0,0.0,805.0,0.0,0.0,0.000815531307423851,0.0,2.3129646346357427e-18,4.625929269271485e-18,0.0,0.0,0.0,0.9987794464163509,0.0,0.0,0.3333333333333333,0.00040502227622511385,806.0,0.0,0.0,0.0,0.0,0.0,0.0,2021-09-09
0.3333333333333333,0.0,0.0,0.0,0.0,0.0,0.0,806.6666666666666,0.0,0.0,0.0004050222762251646,0.0,2.3129646346357427e-18,4.625929269271485e-18,0.0,0.0,0.0,0.9983749595225292,0.0,0.0,1.0,0.0012200182012454888,808.0,0.0,0.0,0.0,0.0,0.0,0.0,2021-09-10
0.3333333333333333,0.0,0.0,0.0,0.0,0.0,0.0,651.6666666666666,0.0,0.0,0.0004050222762251646,0.0,2.3129646346357427e-18,4.625929269271485e-18,0.0,0.0,0.0,0.9962916261891959,0.0,0.0,1.6666666666666667,0.003303351534578822,653.6666666666666,0.0,0.0,0.0,0.0,0.0,0.0,2021-09-11
0.0,0.0,0.0,0.0,0.0,0.0,0.0,442.6666666666667,0.0,0.0,0.0,0.0,2.3129646346357427e-18,4.625929269271485e-18,0.0,0.0,0.0,0.9971016707416464,0.0,0.0,1.3333333333333333,0.00289832925835363,444.0,0.0,0.0,0.0,0.0,0.0,0.0,2021-09-12
0.0,0.0,0.0,0.0,0.0,0.0,0.0,473.6666666666667,0.6666666666666666,0.0,0.0,0.0,2.3129646346357427e-18,4.625929269271485e-18,0.0,0.0,0.0,0.9971848701061105,0.0007317965605561654,0.0,0.6666666666666666,0.0020833333333332552,475.0,0.0,0.0,0.0,0.0,0.0,0.0,2021-09-13
0.0,0.0,0.0,0.0,0.0,0.0,0.0,643.0,0.6666666666666666,0.0,0.0,0.0,2.3129646346357427e-18,4.625929269271485e-18,0.0,0.0,0.0,0.9988651401585087,0.0007317965605561654,0.0,0.3333333333333333,0.00040306328093502844,644.0,0.0,0.0,0.0,0.0,0.0,0.0,2021-09-14
0.0,0.0,0.0,0.0,0.0,0.0,0.0,804.6666666666666,1.0,0.0,0.0,0.0,2.3129646346357427e-18,4.625929269271485e-18,0.0,0.0,0.0,0.9983749440800773,0.0012219926389875379,0.0,0.3333333333333333,0.00040306328093502844,806.0,0.0,0.0,0.0,0.0,0.0,0.0,2021-09-15
0.0,0.0,0.0,0.0,0.0,0.0,0.0,747.0,0.3333333333333333,0.0,0.0,0.0,2.3129646346357427e-18,4.625929269271485e-18,0.0,0.0,0.0,0.99865445660626,0.0004901960784313725,0.0,0.6666666666666666,0.0008553473153086151,748.0,0.0,0.0,0.0,0.0,0.0,0.0,2021-09-16
0.0,0.0,0.0,0.0,0.0,0.0,0.0,719.3333333333334,1.0,0.0,0.0,0.0,2.3129646346357427e-18,4.625929269271485e-18,0.0,0.0,0.0,0.9981626653010652,0.0013850506645611265,0.0,0.3333333333333333,0.0004522840343735082,720.6666666666666,0.0,0.0,0.0,0.0,0.0,0.0,2021-09-17
0.0,0.0,0.0,0.0,0.0,0.0,0.0,575.6666666666666,0.6666666666666666,0.0,0.0,0.0,2.3129646346357427e-18,4.625929269271485e-18,0.0,0.0,0.0,0.9986528613794968,0.0008948545861297538,0.0,0.3333333333333333,0.0004522840343735082,576.6666666666666,0.0,0.0,0.0,0.0,0.0,0.0,2021-09-18
0.0,0.0,0.0,0.0,0.0,0.0,0.0,365.0,0.6666666666666666,0.0,0.0,0.0,2.3129646346357427e-18,4.625929269271485e-18,0.0,0.0,0.0,0.9991051454138703,0.0008948545861297538,0.0,0.0,0.0,365.6666666666667,0.0,0.0,0.0,0.0,0.0,0.0,2021-09-19
0.0,0.0,0.0,0.0,0.0,0.0,0.0,528.0,0.6666666666666666,0.0,0.0,0.0,2.3129646346357427e-18,4.625929269271485e-18,0.0,0.0,0.0,0.9994597514856833,0.0005402485143165856,0.0,0.0,0.0,528.6666666666666,0.0,0.0,0.0,0.0,0.0,0.0,2021-09-20
0.0,0.0,0.0,0.0,0.0,0.0,0.0,660.3333333333334,0.6666666666666666,0.0,0.0,0.0,2.3129646346357427e-18,4.625929269271485e-18,0.0,0.0,0.0,0.9989437556136505,0.0005402485143165856,0.0,0.3333333333333333,0.0005159958720329454,661.3333333333334,0.0,0.0,0.0,0.0,0.0,0.0,2021-09-21
0.3333333333333333,0.0,0.0,0.0,0.0,0.0,0.0,783.3333333333334,0.6666666666666666,0.0,0.0007032348804500425,0.0,2.3129646346357427e-18,4.625929269271485e-18,0.0,0.0,0.0,0.9982405207332002,0.0005402485143165856,0.0,0.3333333333333333,0.0005159958720329454,784.6666666666666,0.0,0.0,0.0,0.0,0.0,0.0,2021-09-22
0.3333333333333333,0.0,0.0,0.0,0.0,0.0,0.0,530.6666666666666,0.0,0.0,0.0007032348804500425,0.0,2.3129646346357427e-18,4.625929269271485e-18,0.0,0.0,0.0,0.9987807692475169,0.0,0.0,0.3333333333333333,0.0005159958720329454,531.3333333333334,0.0,0.0,0.0,0.0,0.0,0.0,2021-09-23
0.3333333333333333,0.0,0.0,0.0,0.0,0.0,0.0,580.0,0.0,0.0,0.0007032348804500425,0.0,2.3129646346357427e-18,4.625929269271485e-18,0.0,0.0,0.0,0.9992967651195498,0.0,0.0,0.0,0.0,580.3333333333334,0.0,0.0,0.0,0.0,0.0,0.0,2021-09-24
0.0,0.0,0.0,0.0,0.0,0.0,0.0,504.0,0.0,0.0,0.0,0.0,2.3129646346357427e-18,4.625929269271485e-18,0.0,0.0,0.0,1.0,0.0,0.0,0.0,0.0,504.0,0.0,0.0,0.0,0.0,0.0,0.0,2021-09-25
0.0,0.0,0.0,0.0,0.0,0.0,0.0,377.6666666666667,0.0,0.0,0.0,0.0,2.3129646346357427e-18,4.625929269271485e-18,0.0,0.0,0.0,1.0,0.0,0.0,0.0,0.0,377.6666666666667,0.0,0.0,0.0,0.0,0.0,0.0,2021-09-26
0.0,0.0,0.0,0.0,0.0,0.0,0.0,392.3333333333333,0.0,0.0,0.0,0.0,2.3129646346357427e-18,4.625929269271485e-18,0.0,0.0,0.0,1.0,0.0,0.0,0.0,0.0,392.3333333333333,0.0,0.0,0.0,0.0,0.0,0.0,2021-09-27
0.0,0.0,0.0,0.0,0.0,0.0,0.0,593.3333333333334,0.0,0.0,0.0,0.0,2.3129646346357427e-18,4.625929269271485e-18,0.0,0.0,0.0,1.0,0.0,0.0,0.0,0.0,593.3333333333334,0.0,0.0,0.0,0.0,0.0,0.0,2021-09-28
0.0,0.0,0.0,0.0,0.0,0.0,0.0,740.0,0.0,0.0,0.0,0.0,2.3129646346357427e-18,4.625929269271485e-18,0.0,0.0,0.0,0.9993781094527362,0.0,0.0,0.3333333333333333,0.0006218905472636032,740.3333333333334,0.0,0.0,0.0,0.0,0.0,0.0,2021-09-29
0.0,0.0,0.0,0.0,0.0,0.0,0.0,687.6666666666666,0.0,0.0,0.0,0.0,2.3129646346357427e-18,4.625929269271485e-18,0.0,0.0,0.0,0.9993781094527362,0.0,0.0,0.3333333333333333,0.0006218905472636032,688.0,0.0,0.0,0.0,0.0,0.0,0.0,2021-09-30
0.0,0.0,0.0,0.0,0.0,0.0,0.0,599.0,0.0,0.0,0.0,0.0,2.3129646346357427e-18,4.625929269271485e-18,0.0,0.0,0.0,0.9993781094527362,0.0,0.0,0.3333333333333333,0.0006218905472636032,599.3333333333334,0.0,0.0,0.0,0.0,0.0,0.0,2021-10-01
0.0,0.0,0.0,0.0,0.0,0.0,0.0,506.0,0.0,0.0,0.0,0.0,2.3129646346357427e-18,4.625929269271485e-18,0.0,0.0,0.0,1.0,0.0,0.0,0.0,0.0,506.0,0.0,0.0,0.0,0.0,0.0,0.0,2021-10-02
0.0,0.0,0.0,0.0,0.0,0.0,0.0,310.6666666666667,0.0,0.0,0.0,0.0,2.3129646346357427e-18,4.625929269271485e-18,0.0,0.0,0.0,1.0,0.0,0.0,0.0,0.0,310.6666666666667,0.0,0.0,0.0,0.0,0.0,0.0,2021-10-03
0.6666666666666666,0.0,0.0,0.0,0.0,0.3333333333333333,0.0,433.6666666666667,0.0,0.0,0.0006988120195667089,0.0,2.3129646346357427e-18,4.625929269271485e-18,0.0,0.0003494060097833673,0.0,0.9989517819706498,0.0,0.0,0.0,0.0,434.6666666666667,0.0,0.0,0.0,0.0,0.0,0.0,2021-10-04
0.6666666666666666,0.0,0.0,0.0,0.0,0.3333333333333333,0.0,719.3333333333334,0.0,0.0,0.0006988120195667089,0.0,2.3129646346357427e-18,4.625929269271485e-18,0.0,0.0003494060097833673,0.0,0.9989517819706498,0.0,0.0,0.0,0.0,720.3333333333334,0.0,0.0,0.0,0.0,0.0,0.0,2021-10-05
0.6666666666666666,0.0,0.0,0.0,0.0,0.3333333333333333,0.0,874.3333333333334,0.0,0.0,0.0006988120195667089,0.0,2.3129646346357427e-18,4.625929269271485e-18,0.0,0.0003494060097833673,0.0,0.9989517819706498,0.0,0.0,0.0,0.0,875.3333333333334,0.0,0.0,0.0,0.0,0.0,0.0,2021-10-06
0.0,0.0,0.0,0.0,0.0,0.0,0.0,778.0,0.0,0.0,0.0,0.0,2.3129646346357427e-18,4.625929269271485e-18,0.0,0.0,0.0,1.0,0.0,0.0,0.0,0.0,778.0,0.0,0.0,0.0,0.0,0.0,0.0,2021-10-07
0.0,0.0,0.0,0.0,0.0,0.0,0.0,611.6666666666666,0.0,0.0,0.0,0.0,2.3129646346357427e-18,4.625929269271485e-18,0.0,0.0,0.0,1.0,0.0,0.0,0.0,0.0,611.6666666666666,0.0,0.0,0.0,0.0,0.0,0.0,2021-10-08
0.0,0.0,0.0,0.0,0.0,0.0,0.0,481.3333333333333,0.0,0.0,0.0,0.0,2.3129646346357427e-18,4.625929269271485e-18,0.0,0.0,0.0,1.0,0.0,0.0,0.0,0.0,481.3333333333333,0.0,0.0,0.0,0.0,0.0,0.0,2021-10-09
0.0,0.0,0.0,0.0,0.0,0.0,0.0,296.6666666666667,0.0,0.0,0.0,0.0,2.3129646346357427e-18,4.625929269271485e-18,0.0,0.0,0.0,1.0,0.0,0.0,0.0,0.0,296.6666666666667,0.0,0.0,0.0,0.0,0.0,0.0,2021-10-10
0.0,0.0,0.0,0.0,0.0,0.0,0.0,341.6666666666667,0.0,0.0,0.0,0.0,2.3129646346357427e-18,4.625929269271485e-18,0.0,0.0,0.0,1.0,0.0,0.0,0.0,0.0,341.6666666666667,0.0,0.0,0.0,0.0,0.0,0.0,2021-10-11
0.0,0.0,0.0,0.0,0.0,0.0,0.0,491.6666666666667,0.0,0.0,0.0,0.0,2.3129646346357427e-18,4.625929269271485e-18,0.0,0.0,0.0,1.0,0.0,0.0,0.0,0.0,491.6666666666667,0.0,0.0,0.0,0.0,0.0,0.0,2021-10-12
0.0,0.0,0.0,0.0,0.0,0.0,0.0,581.6666666666666,0.0,0.0,0.0,0.0,2.3129646346357427e-18,4.625929269271485e-18,0.0,0.0,0.0,1.0,0.0,0.0,0.0,0.0,581.6666666666666,0.0,0.0,0.0,0.0,0.0,0.0,2021-10-13
0.0,0.0,0.0,0.0,0.0,0.0,0.0,492.6666666666667,0.0,0.0,0.0,0.0,2.3129646346357427e-18,4.625929269271485e-18,0.0,0.0,0.0,1.0,0.0,0.0,0.0,0.0,492.6666666666667,0.0,0.0,0.0,0.0,0.0,0.0,2021-10-14
0.0,0.0,0.0,0.0,0.0,0.0,0.0,395.3333333333333,0.0,0.0,0.0,0.0,2.3129646346357427e-18,4.625929269271485e-18,0.0,0.0,0.0,1.0,0.0,0.0,0.0,0.0,395.3333333333333,0.0,0.0,0.0,0.0,0.0,0.0,2021-10-15
0.0,0.0,0.0,0.0,0.0,0.0,0.0,306.3333333333333,0.0,0.0,0.0,0.0,2.3129646346357427e-18,4.625929269271485e-18,0.0,0.0,0.0,1.0,0.0,0.0,0.0,0.0,306.3333333333333,0.0,0.0,0.0,0.0,0.0,0.0,2021-10-16
0.0,0.0,0.0,0.0,0.0,0.0,0.0,175.66666666666666,0.0,0.0,0.0,0.0,2.3129646346357427e-18,4.625929269271485e-18,0.0,0.0,0.0,1.0,0.0,0.0,0.0,0.0,175.66666666666666,0.0,0.0,0.0,0.0,0.0,0.0,2021-10-17
0.0,0.0,0.0,0.0,0.0,0.0,0.0,286.0,0.0,0.0,0.0,0.0,2.3129646346357427e-18,4.625929269271485e-18,0.0,0.0,0.0,1.0,0.0,0.0,0.0,0.0,286.0,0.0,0.0,0.0,0.0,0.0,0.0,2021-10-18
0.0,0.0,0.0,0.0,0.0,0.0,0.0,597.6666666666666,0.0,0.0,0.0,0.0,2.3129646346357427e-18,4.625929269271485e-18,0.0,0.0,0.0,0.9996816300541228,0.0,0.0,0.3333333333333333,0.0003183699458770308,598.0,0.0,0.0,0.0,0.0,0.0,0.0,2021-10-19
0.0,0.0,0.0,0.0,0.0,0.0,0.0,752.3333333333334,0.0,0.0,0.0,0.0,2.3129646346357427e-18,4.625929269271485e-18,0.0,0.0,0.0,0.9996816300541228,0.0,0.0,0.3333333333333333,0.0003183699458770308,752.6666666666666,0.0,0.0,0.0,0.0,0.0,0.0,2021-10-20
0.0,0.0,0.0,0.0,0.0,0.0,0.0,724.6666666666666,0.0,0.0,0.0,0.0,2.3129646346357427e-18,4.625929269271485e-18,0.0,0.0,0.0,0.9996816300541228,0.0,0.0,0.3333333333333333,0.0003183699458770308,725.0,0.0,0.0,0.0,0.0,0.0,0.0,2021-10-21
0.0,0.0,0.0,0.0,0.0,0.0,0.0,560.0,0.0,0.0,0.0,0.0,2.3129646346357427e-18,4.625929269271485e-18,0.0,0.0,0.0,0.9999999999999999,0.0,0.0,0.0,0.0,560.0,0.0,0.0,0.0,0.0,0.0,0.0,2021-10-22
0.0,0.0,0.0,0.0,0.0,0.0,0.0,451.6666666666667,0.0,0.0,0.0,0.0,2.3129646346357427e-18,4.625929269271485e-18,0.0,0.0,0.0,0.9999999999999999,0.0,0.0,0.0,0.0,451.6666666666667,0.0,0.0,0.0,0.0,0.0,0.0,2021-10-23
0.0,0.0,0.0,0.0,0.0,0.0,0.0,285.3333333333333,0.0,0.0,0.0,0.0,2.3129646346357427e-18,4.625929269271485e-18,0.0,0.0,0.0,0.9999999999999999,0.0,0.0,0.0,0.0,285.3333333333333,0.0,0.0,0.0,0.0,0.0,0.0,2021-10-24
0.0,0.0,0.0,0.0,0.0,0.0,0.0,319.6666666666667,0.0,0.0,0.0,0.0,2.3129646346357427e-18,4.625929269271485e-18,0.0,0.0,0.0,0.9999999999999999,0.0,0.0,0.0,0.0,319.6666666666667,0.0,0.0,0.0,0.0,0.0,0.0,2021-10-25
0.0,0.0,0.0,0.0,0.0,0.0,0.0,580.6666666666666,0.0,0.0,0.0,0.0,2.3129646346357427e-18,4.625929269271485e-18,0.0,0.0,0.0,0.9999999999999999,0.0,0.0,0.0,0.0,580.6666666666666,0.0,0.0,0.0,0.0,0.0,0.0,2021-10-26
0.0,0.0,0.0,0.0,0.0,0.0,0.0,751.3333333333334,0.0,0.0,0.0,0.0,2.3129646346357427e-18,4.625929269271485e-18,0.0,0.0,0.0,0.9999999999999999,0.0,0.0,0.0,0.0,751.3333333333334,0.0,0.0,0.0,0.0,0.0,0.0,2021-10-27
0.0,0.0,0.0,0.0,0.0,0.0,0.0,778.3333333333334,0.0,0.0,0.0,0.0,2.3129646346357427e-18,4.625929269271485e-18,0.0,0.0,0.0,0.9999999999999999,0.0,0.0,0.0,0.0,778.3333333333334,0.0,0.0,0.0,0.0,0.0,0.0,2021-10-28
0.0,0.0,0.0,0.0,0.0,0.0,0.0,638.3333333333334,0.0,0.0,0.0,0.0,2.3129646346357427e-18,4.625929269271485e-18,0.0,0.0,0.0,0.9999999999999999,0.0,0.0,0.0,0.0,638.3333333333334,0.0,0.0,0.0,0.0,0.0,0.0,2021-10-29
0.0,0.0,0.0,0.0,0.0,0.0,0.0,502.3333333333333,0.0,0.0,0.0,0.0,2.3129646346357427e-18,4.625929269271485e-18,0.0,0.0,0.0,0.9999999999999999,0.0,0.0,0.0,0.0,502.3333333333333,0.0,0.0,0.0,0.0,0.0,0.0,2021-10-30
0.0,0.0,0.0,0.0,0.0,0.0,0.0,279.3333333333333,0.0,0.0,0.0,0.0,2.3129646346357427e-18,4.625929269271485e-18,0.0,0.0,0.0,0.9999999999999999,0.0,0.0,0.0,0.0,279.3333333333333,0.0,0.0,0.0,0.0,0.0,0.0,2021-10-31
0.0,0.0,0.0,0.0,0.0,0.0,0.0,244.0,0.0,0.0,0.0,0.0,2.3129646346357427e-18,4.625929269271485e-18,0.0,0.0,0.0,0.9999999999999999,0.0,0.0,0.0,0.0,244.0,0.0,0.0,0.0,0.0,0.0,0.0,2021-11-01
0.0,0.0,0.0,0.0,0.0,0.0,0.0,446.6666666666667,0.0,0.0,0.0,0.0,2.3129646346357427e-18,4.625929269271485e-18,0.0,0.0,0.0,0.9999999999999999,0.0,0.0,0.0,0.0,446.6666666666667,0.0,0.0,0.0,0.0,0.0,0.0,2021-11-02
0.0,0.0,0.0,0.0,0.0,0.0,0.0,767.6666666666666,0.0,0.0,0.0,0.0,2.3129646346357427e-18,4.625929269271485e-18,0.0,0.0,0.0,0.9999999999999999,0.0,0.0,0.0,0.0,767.6666666666666,0.0,0.0,0.0,0.0,0.0,0.0,2021-11-03
0.0,0.0,0.0,0.0,0.0,0.0,0.0,895.0,0.0,0.0,0.0,0.0,2.3129646346357427e-18,4.625929269271485e-18,0.0,0.0,0.0,0.9999999999999999,0.0,0.0,0.0,0.0,895.0,0.0,0.0,0.0,0.0,0.0,0.0,2021-11-04
0.0,0.0,0.0,0.0,0.0,0.0,0.0,858.0,0.0,0.0,0.0,0.0,2.3129646346357427e-18,4.625929269271485e-18,0.0,0.0,0.0,0.9999999999999999,0.0,0.0,0.0,0.0,858.0,0.0,0.0,0.0,0.0,0.0,0.0,2021-11-05
0.0,0.0,0.0,0.0,0.0,0.0,0.0,603.6666666666666,0.0,0.0,0.0,0.0,2.3129646346357427e-18,4.625929269271485e-18,0.0,0.0,0.0,0.9999999999999999,0.0,0.0,0.0,0.0,603.6666666666666,0.0,0.0,0.0,0.0,0.0,0.0,2021-11-06
0.0,0.0,0.0,0.0,0.0,0.0,0.0,336.6666666666667,0.0,0.0,0.0,0.0,2.3129646346357427e-18,4.625929269271485e-18,0.0,0.0,0.0,0.9999999999999999,0.0,0.0,0.0,0.0,336.6666666666667,0.0,0.0,0.0,0.0,0.0,0.0,2021-11-07
0.0,0.0,0.0,0.0,0.0,0.0,0.0,443.6666666666667,0.0,0.0,0.0,0.0,2.3129646346357427e-18,4.625929269271485e-18,0.0,0.0,0.0,0.9999999999999999,0.0,0.0,0.0,0.0,443.6666666666667,0.0,0.0,0.0,0.0,0.0,0.0,2021-11-08
0.0,0.0,0.0,0.0,0.0,0.0,0.0,624.6666666666666,0.0,0.0,0.0,0.0,2.3129646346357427e-18,4.625929269271485e-18,0.0,0.0,0.0,0.9999999999999999,0.0,0.0,0.0,0.0,624.6666666666666,0.0,0.0,0.0,0.0,0.0,0.0,2021-11-09
0.3333333333333333,0.3333333333333333,0.0,0.0,0.0,0.0,0.0,879.3333333333334,0.0,0.0,0.00039920159680635945,0.0003992015968063872,2.3129646346357427e-18,4.625929269271485e-18,0.0,0.0,0.0,0.9984031936127743,0.0,0.0,0.6666666666666666,0.0007984031936126961,880.6666666666666,0.0,0.0,0.0,0.0,0.0,0.0,2021-11-10
0.3333333333333333,0.3333333333333333,0.0,0.0,0.0,0.0,0.0,858.3333333333334,0.0,0.0,0.00039920159680635945,0.0003992015968063872,2.3129646346357427e-18,4.625929269271485e-18,0.0,0.0,0.0,0.9984031936127743,0.0,0.0,0.6666666666666666,0.0007984031936126961,859.6666666666666,0.0,0.0,0.0,0.0,0.0,0.0,2021-11-11
0.6666666666666666,0.3333333333333333,0.0,0.0,0.0,0.0,0.0,874.0,0.0,0.0,0.0007872497147729873,0.0003992015968063872,2.3129646346357427e-18,4.625929269271485e-18,0.0,0.0,0.0,0.997627097376841,0.0,0.0,1.0,0.001186451311579324,876.0,0.0,0.0,0.0,0.0,0.0,0.0,2021-11-12
0.3333333333333333,0.0,0.0,0.0,0.0,0.0,0.0,695.0,0.0,0.0,0.0003880481179666001,0.0,2.3129646346357427e-18,4.625929269271485e-18,0.0,0.0,0.0,0.9992239037640666,0.0,0.0,0.3333333333333333,0.0003880481179665495,695.6666666666666,0.0,0.0,0.0,0.0,0.0,0.0,2021-11-13
0.3333333333333333,0.0,0.0,0.0,0.0,0.0,0.0,433.3333333333333,0.0,0.0,0.0003880481179666001,0.0,2.3129646346357427e-18,4.625929269271485e-18,0.0,0.0,0.0,0.9992239037640666,0.0,0.0,0.3333333333333333,0.0003880481179665495,434.0,0.0,0.0,0.0,0.0,0.0,0.0,2021-11-14
0.0,0.0,0.0,0.0,0.0,0.0,0.0,592.0,0.0,0.0,0.0,0.0,2.3129646346357427e-18,4.625929269271485e-18,0.0,0.0,0.0,0.9997501249375311,0.0,0.0,0.3333333333333333,0.0002498750624686873,592.3333333333334,0.0,0.0,0.0,0.0,0.0,0.0,2021-11-15
0.0,0.0,0.0,0.0,0.0,0.0,0.0,842.0,0.0,0.0,0.0,0.0,2.3129646346357427e-18,4.625929269271485e-18,0.0,0.0,0.0,0.9997501249375311,0.0,0.0,0.3333333333333333,0.0002498750624686873,842.3333333333334,0.0,0.0,0.0,0.0,0.0,0.0,2021-11-16
0.0,0.0,0.0,0.0,0.0,0.0,0.0,1120.3333333333333,0.0,0.3333333333333333,0.0,0.0,2.3129646346357427e-18,4.625929269271485e-18,0.0,0.0,0.0,0.9990739924155568,0.0,0.0003380662609871535,0.6666666666666666,0.0005879413234558408,1121.3333333333333,0.3333333333333333,0.0003380662609871535,0.0,0.0,0.0,0.0,2021-11-17
0.0,0.0,0.0,0.0,0.0,0.0,0.0,1114.3333333333333,0.0,0.3333333333333333,0.0,0.0,2.3129646346357427e-18,4.625929269271485e-18,0.0,0.0,0.0,0.9993238674780255,0.0,0.0003380662609871535,0.3333333333333333,0.00033806626098707514,1115.0,0.3333333333333333,0.0003380662609871535,0.0,0.0,0.0,0.0,2021-11-18
0.0,0.0,0.0,0.0,0.0,0.0,0.0,1118.3333333333333,0.0,0.3333333333333333,0.0,0.0,2.3129646346357427e-18,4.625929269271485e-18,0.0,0.0,0.0,0.9993238674780255,0.0,0.0003380662609871535,0.3333333333333333,0.00033806626098707514,1119.0,0.3333333333333333,0.0003380662609871535,0.0,0.0,0.0,0.0,2021-11-19
0.0,0.0,0.0,0.0,0.0,0.0,0.0,978.6666666666666,0.0,0.0,0.0,0.0,2.3129646346357427e-18,4.625929269271485e-18,0.0,0.0,0.0,0.9999999999999999,0.0,0.0,0.0,0.0,978.6666666666666,0.0,0.0,0.0,0.0,0.0,0.0,2021-11-20
0.0,0.0,0.0,0.0,0.0,0.0,0.0,616.3333333333334,0.0,0.0,0.0,0.0,2.3129646346357427e-18,4.625929269271485e-18,0.0,0.0,0.0,0.9999999999999999,0.0,0.0,0.0,0.0,616.3333333333334,0.0,0.0,0.0,0.0,0.0,0.0,2021-11-21
0.0,0.0,0.0,0.0,0.0,0.0,0.0,925.6666666666666,0.0,0.0,0.0,0.0,2.3129646346357427e-18,4.625929269271485e-18,0.0,0.0,0.0,0.9999999999999999,0.0,0.0,0.0,0.0,925.6666666666666,0.0,0.0,0.0,0.0,0.0,0.0,2021-11-22
0.0,0.0,0.0,0.0,0.0,0.0,0.0,1172.6666666666667,0.0,0.3333333333333333,0.0,0.0,2.3129646346357427e-18,4.625929269271485e-18,0.0,0.0,0.0,0.9994903160040773,0.0,0.00025484199796126404,0.3333333333333333,0.00025484199796118565,1173.3333333333333,0.3333333333333333,0.00025484199796126404,0.0,0.0,0.0,0.0,2021-11-23
0.0,0.0,0.0,0.0,0.0,0.0,0.0,1447.3333333333333,0.0,1.3333333333333333,0.0,0.0,2.3129646346357427e-18,4.625929269271485e-18,0.0,0.0,0.0,0.9985424487054991,0.0,0.001202709296539463,0.3333333333333333,0.00025484199796118565,1449.0,1.3333333333333333,0.001202709296539463,0.0,0.0,0.0,0.0,2021-11-24
0.0,0.0,0.0,0.0,0.0,0.0,0.0,1311.0,0.0,1.6666666666666667,0.0,0.0,2.3129646346357427e-18,4.625929269271485e-18,0.0,0.0,0.0,0.9983309427833333,0.0,0.0014142152187052836,0.3333333333333333,0.00025484199796118565,1313.0,1.6666666666666667,0.0014142152187052836,0.0,0.0,0.0,0.0,2021-11-25
0.3333333333333333,0.3333333333333333,0.0,0.0,0.0,0.0,0.0,1505.3333333333333,0.0,2.6666666666666665,0.0001757160428746867,0.00017571604287471446,2.3129646346357427e-18,4.625929269271485e-18,0.0,0.0,0.0,0.9974348984362581,0.0,0.0018622373922428774,0.6666666666666666,0.0003514320857493506,1509.3333333333333,2.6666666666666665,0.0018622373922428774,0.0,0.0,0.0,0.0,2021-11-26
0.3333333333333333,0.3333333333333333,0.0,0.0,0.0,0.0,0.0,1319.6666666666667,0.0,3.3333333333333335,0.0001757160428746867,0.00017571604287471446,2.3129646346357427e-18,4.625929269271485e-18,0.0,0.0,0.0,0.9950494324015029,0.0,0.004247703426998012,0.6666666666666666,0.0003514320857493506,1324.3333333333333,3.3333333333333335,0.004247703426998012,0.0,0.0,0.0,0.0,2021-11-27
0.3333333333333333,0.3333333333333333,0.0,0.0,0.0,0.0,0.0,909.0,0.0,4.666666666666667,0.0001757160428746867,0.00017571604287471446,2.3129646346357427e-18,4.625929269271485e-18,0.0,0.0,0.0,0.9904716662930174,0.0,0.008825469535483533,0.6666666666666666,0.0003514320857493506,915.0,4.666666666666667,0.008825469535483533,0.0,0.0,0.0,0.0,2021-11-28
0.0,0.0,0.0,0.0,0.0,0.0,0.0,1115.3333333333333,0.0,7.666666666666667,0.0,0.0,2.3129646346357427e-18,4.625929269271485e-18,0.0,0.0,0.0,0.9897643465641716,0.0,0.009839456922357628,1.0,0.00039619651347060314,1124.0,7.666666666666667,0.009839456922357628,0.0,0.0,0.0,0.0,2021-11-29
0.0,0.0,0.0,0.0,0.0,0.0,0.0,1505.3333333333333,0.0,8.0,0.0,0.0,2.3129646346357427e-18,4.625929269271485e-18,0.0,0.0,0.0,0.9911076301462612,0.0,0.007700153439770564,2.3333333333333335,0.0011922164139681155,1515.6666666666667,8.0,0.007700153439770564,0.0,0.0,0.0,0.0,2021-11-30
0.0,0.0,0.0,0.0,0.0,0.0,0.0,1709.3333333333333,0.0,7.666666666666667,0.0,0.0,2.3129646346357427e-18,4.625929269271485e-18,0.0,0.0,0.0,0.9934713997514101,0.0,0.0042968827951206075,3.3333333333333335,0.0022317174534691553,1720.3333333333333,8.0,0.004643383141620955,0.0,0.0,0.0,0.0,2021-12-01
0.0,0.0,0.0,0.0,0.0,0.0,0.0,1268.0,0.0,6.666666666666667,0.0,0.0,2.3129646346357427e-18,4.625929269271485e-18,0.0,0.0,0.0,0.9925161075164196,0.0,0.005369431515687682,2.6666666666666665,0.0021144609678924765,1277.3333333333333,7.0,0.00571593186218803,0.0,0.0,0.0,0.0,2021-12-02
0.0,0.0,0.0,0.0,0.0,0.0,0.0,1122.6666666666667,0.0,8.333333333333334,0.0,0.0,2.3129646346357427e-18,4.625929269271485e-18,0.0,0.0,0.0,0.9907517995310048,0.0,0.007125254172316045,2.3333333333333335,0.002122946296678954,1133.3333333333333,8.666666666666666,0.007471754518816392,0.0,0.0,0.0,0.0,2021-12-03
0.0,0.0,0.0,0.0,0.0,0.0,0.0,1003.6666666666666,0.0,10.333333333333334,0.0,0.0,2.3129646346357427e-18,4.625929269271485e-18,0.0,0.0,0.0,0.9866199249073269,0.0,0.011203733660631598,2.0,0.0021763414320413025,1016.0,10.333333333333334,0.011203733660631598,0.0,0.0,0.0,0.0,2021-12-04
0.0,0.0,0.0,0.0,0.0,0.0,0.0,709.0,0.0,8.333333333333334,0.0,0.0,2.3129646346357427e-18,4.625929269271485e-18,0.0,0.0,0.0,0.9842237843398439,0.0,0.012785918081145124,2.0,0.0029902975790106878,719.3333333333334,8.333333333333334,0.01278591808114512,0.0,0.0,0.0,0.0,2021-12-05
0.0,0.0,0.0,0.0,0.0,0.0,0.0,1037.3333333333333,0.0,12.0,0.0,0.0,2.3129646346357427e-18,4.625929269271485e-18,0.0,0.0,0.0,0.9839620778194744,0.0,0.01310841422764525,2.6666666666666665,0.002929507952880052,1052.0,12.0,0.013108414227645249,0.0,0.0,0.0,0.0,2021-12-06
0.0,0.0,0.0,0.0,0.0,0.0,0.0,1243.0,0.0,14.666666666666666,0.0,0.0,2.3129646346357427e-18,4.625929269271485e-18,0.0,0.0,0.0,0.9853870939826472,0.0,0.012506169982177582,2.3333333333333335,0.002106736035174957,1260.0,14.666666666666666,0.012506169982177582,0.0,0.0,0.0,0.0,2021-12-07
0.0,0.0,0.0,0.0,0.0,0.0,0.0,1590.6666666666667,0.0,25.333333333333332,0.0,0.0,2.3129646346357427e-18,4.625929269271485e-18,0.0,0.0,0.0,0.9816794773430854,0.0,0.016823940822188185,2.6666666666666665,0.001496581834726244,1618.6666666666667,25.333333333333332,0.016823940822188185,0.0,0.0,0.0,0.0,2021-12-08
0.0,0.0,0.0,0.0,0.0,0.0,0.0,1399.6666666666667,0.0,32.666666666666664,0.0,0.0,2.3129646346357427e-18,4.625929269271485e-18,0.0,0.0,0.0,0.9764143409682019,0.0,0.022240375738613583,2.0,0.0013452832931842643,1434.3333333333333,32.666666666666664,0.022240375738613583,0.0,0.0,0.0,0.0,2021-12-09
0.0,0.0,0.0,0.0,0.0,0.0,0.0,1428.0,0.0,44.333333333333336,0.0,0.0,2.3129646346357427e-18,4.625929269271485e-18,0.0,0.0,0.0,0.9680165665528565,0.0,0.030416269491068126,2.3333333333333335,0.0015671639560751718,1474.6666666666667,44.333333333333336,0.030416269491068126,0.0,0.0,0.0,0.0,2021-12-10
0.0,0.0,0.0,0.0,0.0,0.0,0.0,1177.3333333333333,0.0,41.333333333333336,0.0,0.0,2.3129646346357427e-18,4.625929269271485e-18,0.0,0.0,0.0,0.9626255572706187,0.0,0.036290020747720475,1.6666666666666667,0.0010844219816604965,1220.3333333333333,41.333333333333336,0.036290020747720475,0.0,0.0,0.0,0.0,2021-12-11
0.0,0.0,0.0,0.0,0.0,0.0,0.0,715.0,0.0,30.666666666666668,0.0,0.0,2.3129646346357427e-18,4.625929269271485e-18,0.0,0.0,0.0,0.9568691639175678,0.0,0.04263883116238273,0.6666666666666666,0.0004920049200491222,746.3333333333334,30.666666666666668,0.04263883116238273,0.0,0.0,0.0,0.0,2021-12-12
0.0,0.0,0.0,0.0,0.0,0.0,0.0,997.0,0.0,54.0,0.0,0.0,2.3129646346357427e-18,4.625929269271485e-18,0.0,0.0,0.0,0.9514982003178222,0.0,0.04762267880305693,2.0,0.0008791208791208007,1053.0,54.0,0.04762267880305693,0.0,0.0,0.0,0.0,2021-12-13
0.0,0.0,0.0,0.0,0.0,0.0,0.0,1359.6666666666667,0.0,92.33333333333333,0.0,0.0,2.3129646346357427e-18,4.625929269271485e-18,0.0,0.0,0.0,0.9382228791663403,0.0,0.05889654435046299,5.666666666666667,0.0028805764831964925,1457.6666666666667,92.33333333333333,0.05889654435046299,0.0,0.0,0.0,0.0,2021-12-14
0.0,0.0,0.0,0.0,0.0,0.0,0.0,1771.6666666666667,0.0,151.33333333333334,0.0,0.0,2.3129646346357427e-18,4.625929269271485e-18,0.0,0.0,0.0,0.9139867411599862,0.0,0.081159127985394,9.0,0.004854130854619425,1932.0,152.0,0.0815538388596786,0.0,0.0,0.0,0.0,2021-12-15
0.0,0.0,0.0,0.0,0.0,0.0,0.0,1448.6666666666667,0.0,158.33333333333334,0.0,0.0,2.3129646346357427e-18,4.625929269271485e-18,0.0,0.0,0.0,0.8954318320168418,0.0,0.09933624498604042,8.666666666666666,0.00523192299711745,1615.6666666666667,158.66666666666666,0.09947957325600122,0.0,0.0,0.0,0.0,2021-12-16
0.0,0.0,0.0,0.0,0.0,0.0,0.0,1138.0,0.0,160.0,0.0,0.0,2.3129646346357427e-18,4.625929269271485e-18,0.0,0.0,0.0,0.867528899875254,0.0,0.1281258055299203,6.0,0.004345294594825482,1304.0,160.33333333333334,0.1282691337998811,0.0,0.0,0.0,0.0,2021-12-17
0.0,0.0,0.0,0.0,0.0,0.0,0.0,702.6666666666666,0.0,111.0,0.0,0.0,2.3129646346357427e-18,4.625929269271485e-18,0.0,0.0,0.0,0.844855729211703,0.0,0.15277253056489415,2.6666666666666665,0.0023717402234025493,816.3333333333334,110.66666666666667,0.15252114796057037,0.0,0.0,0.0,0.0,2021-12-18
0.0,0.0,0.0,0.0,0.0,0.0,0.0,346.6666666666667,0.0,68.0,0.0,0.0,2.3129646346357427e-18,4.625929269271485e-18,0.0,0.0,0.0,0.8419891566107851,0.0,0.15689601618743101,1.0,0.0011148272017836452,415.6666666666667,68.0,0.15689601618743101,0.0,0.0,0.0,0.0,2021-12-19
0.0,0.0,0.0,0.0,0.0,0.0,0.0,463.3333333333333,0.0,89.0,0.0,0.0,2.3129646346357427e-18,4.625929269271485e-18,0.0,0.0,0.0,0.8420484109039702,0.0,0.15542058428712044,3.3333333333333335,0.0025310048089090586,555.6666666666666,89.33333333333333,0.15567368476801133,0.3333333333333333,0.0002531004808909137,0.0,0.0,2021-12-20
0.0,0.0,0.0,0.0,0.0,0.0,0.0,669.3333333333334,0.0,138.33333333333334,0.0,0.0,2.3129646346357427e-18,4.625929269271485e-18,0.0,0.0,0.0,0.836930240517669,0.0,0.1565546909284019,7.333333333333333,0.006515068553928979,815.0,139.0,0.15713979672137782,0.6666666666666666,0.0005851057929759071,0.0,0.0,2021-12-21
0.0,0.0,0.0,0.0,0.0,0.0,0.0,915.3333333333334,0.0,195.33333333333334,0.0,0.0,2.3129646346357427e-18,4.625929269271485e-18,0.0,0.0,0.0,0.8143537151602759,0.0,0.17561908346331725,11.0,0.01002720137640663,1121.6666666666667,197.0,0.1771620436624234,0.6666666666666666,0.0005851057929759071,0.0,0.0,2021-12-22
0.0,0.0,0.0,0.0,0.0,0.0,0.0,865.3333333333334,0.0,202.0,0.0,0.0,2.3129646346357427e-18,4.625929269271485e-18,0.0,0.0,0.0,0.8021916942391476,0.0,0.18694793762060438,11.666666666666666,0.010860368140247703,1079.0,202.66666666666666,0.18767710207669464,0.3333333333333333,0.00033200531208499334,0.0,0.0,2021-12-23
0.0,0.0,0.0,0.0,0.0,0.0,0.0,691.6666666666666,0.0,174.0,0.0,0.0,2.3129646346357427e-18,4.625929269271485e-18,0.0,0.0,0.0,0.7767117801337867,0.0,0.21469811941271613,8.333333333333334,0.00859010045349685,874.0,174.0,0.21423838052758684,0.6666666666666666,0.0017137960582690659,0.0,0.0,2021-12-24
0.0,0.0,0.0,0.0,0.0,0.0,0.0,481.0,0.0,167.33333333333334,0.0,0.0,2.3129646346357427e-18,4.625929269271485e-18,0.0,0.0,0.0,0.6943790401170934,0.0,0.30054299225188713,4.666666666666667,0.005077967631019198,653.0,166.33333333333334,0.29912539896062756,0.6666666666666666,0.0017137960582690659,0.0,0.0,2021-12-25
0.0,0.0,0.0,0.0,0.0,0.0,0.0,214.33333333333334,0.0,138.66666666666666,0.0,0.0,2.3129646346357427e-18,4.625929269271485e-18,0.0,0.0,0.0,0.5966980526789716,0.0,0.4004465987513437,1.0,0.0028553485696845133,354.0,137.0,0.3950234906765471,2.0,0.006280006103931166,0.0,0.0,2021-12-26
0.0,0.0,0.0,0.0,0.0,0.0,0.0,402.3333333333333,0.0,297.3333333333333,0.0,0.0,2.3129646346357427e-18,4.625929269271485e-18,0.0,0.0,0.0,0.5519199129407876,0.0,0.4446188871342036,3.6666666666666665,0.0034611999250085805,703.3333333333334,295.6666666666667,0.43982071234718223,2.6666666666666665,0.005494069011099354,0.0,0.0,2021-12-27
0.0,0.0,0.0,0.0,0.0,0.0,0.0,544.3333333333334,0.0,434.6666666666667,0.0,0.0,2.3129646346357427e-18,4.625929269271485e-18,0.0,0.0,0.0,0.5376725075361133,0.0,0.4561540603718044,7.0,0.006173432092082082,986.0,433.0,0.451355885584783,3.0,0.005765292227806703,0.0,0.0,2021-12-28
0.0,0.0,0.0,0.0,0.0,0.0,0.0,707.3333333333334,0.0,683.3333333333334,0.0,0.0,2.3129646346357427e-18,4.625929269271485e-18,0.0,0.0,0.0,0.5072589740352832,0.0,0.48403664692412346,12.333333333333334,0.008704379040593107,1403.0,684.0,0.4844527703227512,2.3333333333333335,0.0016311409421359627,0.0,0.0,2021-12-29
0.0,0.0,0.0,0.0,0.0,0.0,0.0,643.6666666666666,0.0,763.3333333333334,0.0,0.0,2.3129646346357427e-18,4.625929269271485e-18,0.0,0.0,0.0,0.4585460648839607,0.0,0.5341683025881382,10.333333333333334,0.007285632527900873,1417.3333333333333,764.0,0.5345911655029001,1.3333333333333333,0.0009285072019239341,0.0,0.0,2021-12-30
0.0,0.0,0.0,0.0,0.0,0.0,0.0,469.0,0.0,691.0,0.0,0.0,2.3129646346357427e-18,4.625929269271485e-18,0.0,0.0,0.0,0.3657730640556303,0.0,0.6275745335045401,8.0,0.0066524024398294515,1168.0,691.0,0.6266113950333004,1.6666666666666667,0.00204328537121797,0.0,0.0,2021-12-31
0.0,0.0,0.0,0.0,0.0,0.0,0.0,293.6666666666667,0.0,496.0,0.0,0.0,2.3129646346357427e-18,4.625929269271485e-18,0.0,0.0,0.0,0.3167317920329967,0.0,0.6802883049871001,2.3333333333333335,0.0029799029799029014,792.0,495.0,0.6786770783758737,1.0,0.0016112266112266113,0.0,0.0,2022-01-01
0.0,0.0,0.0,0.0,0.0,0.0,0.0,105.33333333333333,0.0,280.3333333333333,0.0,0.0,2.3129646346357427e-18,4.625929269271485e-18,0.0,0.0,0.0,0.2818082321094368,0.0,0.716112765811561,1.0,0.0020790020790020006,386.6666666666667,278.6666666666667,0.7109388856376809,1.6666666666666667,0.005173880173880174,0.0,0.0,2022-01-02
0.0,0.0,0.0,0.0,0.0,0.0,0.0,371.3333333333333,0.0,513.3333333333334,0.0,0.0,2.3129646346357427e-18,4.625929269271485e-18,0.0,0.0,0.0,0.35407053966586194,0.0,0.6435832226937825,4.666666666666667,0.0023462376403552087,889.3333333333334,507.3333333333333,0.637281517862666,5.666666666666667,0.006134116428234075,0.3333333333333333,0.0001675884028825205,2022-01-03
0.0,0.0,0.0,0.0,0.0,0.0,0.0,425.6666666666667,0.0,638.3333333333334,0.0,0.0,2.3129646346357427e-18,4.625929269271485e-18,0.0,0.0,0.0,0.36090541053007197,0.0,0.6357023267249701,5.666666666666667,0.0033922627449577193,1069.6666666666667,625.6666666666666,0.6224271211965035,12.666666666666666,0.013456292160451647,0.3333333333333333,0.0001675884028825205,2022-01-04
0.0,0.0,0.0,0.0,0.0,0.0,0.0,490.0,0.0,957.3333333333334,0.0,0.0,2.3129646346357427e-18,4.625929269271485e-18,0.0,0.0,0.0,0.31454290911139077,0.0,0.6797240041736138,9.0,0.0057330867149951725,1456.3333333333333,937.3333333333334,0.6643846175079323,20.0,0.015520473297666494,0.6666666666666666,0.0004016707998862658,2022-01-05
0.0,0.0,0.0,0.0,0.0,0.0,0.0,257.3333333333333,0.0,835.6666666666666,0.0,0.0,2.3129646346357427e-18,4.625929269271485e-18,0.0,0.0,0.0,0.23973734168271546,0.0,0.7536184802524164,7.333333333333333,0.006644178064867899,1100.3333333333333,816.0,0.7357259634229513,19.666666666666668,0.01787926642097389,0.6666666666666666,0.0005960078403624134,2022-01-06
0.0,0.0,0.0,0.0,0.0,0.0,0.0,238.0,0.0,851.3333333333334,0.0,0.0,2.3129646346357427e-18,4.625929269271485e-18,0.0,0.0,0.0,0.2203867996682962,0.0,0.7729568463132371,7.333333333333333,0.006656354018466446,1096.6666666666667,830.3333333333334,0.7535722217155137,21.0,0.019375432840431802,0.6666666666666666,0.0005960078403624134,2022-01-07
0.0,0.0,0.0,0.0,0.0,0.0,0.0,160.0,0.0,579.0,0.0,0.0,2.3129646346357427e-18,4.625929269271485e-18,0.0,0.0,0.0,0.19833160766928395,0.0,0.7964371113665359,4.333333333333333,0.005231280964179908,743.3333333333334,564.0,0.7764942902836497,15.0,0.01993362932559458,0.3333333333333333,0.0003619254433586681,2022-01-08
0.0,0.0,0.0,0.0,0.0,0.0,0.0,99.33333333333333,0.0,419.0,0.0,0.0,2.3129646346357427e-18,4.625929269271485e-18,0.0,0.0,0.0,0.1659070934433252,0.0,0.8281663854127622,2.3333333333333335,0.00592652114391237,520.6666666666666,407.6666666666667,0.8093379513669369,11.666666666666666,0.01918116773189237,0.0,0.0,2022-01-09
0.0,0.0,0.0,0.0,0.0,0.0,0.0,178.66666666666666,0.0,732.0,0.0,0.0,2.3129646346357427e-18,4.625929269271485e-18,0.0,0.0,0.0,0.16043281785410707,0.0,0.8305050130387461,10.333333333333334,0.009062169107146538,921.0,703.3333333333334,0.8083372791018969,27.333333333333332,0.021546422970710827,1.6666666666666667,0.0007766387076731904,2022-01-10
0.0,0.0,0.0,0.0,0.0,0.0,0.0,240.66666666666666,0.0,1182.6666666666667,0.0,0.0,2.3129646346357427e-18,4.625929269271485e-18,0.0,0.0,0.0,0.15722912499524178,0.0,0.8323604373079635,14.333333333333334,0.010410437696794438,1437.6666666666667,1145.0,0.8106816779980198,36.333333333333336,0.021057448343805168,2.6666666666666665,0.0012991047473806094,2022-01-11
0.0,0.0,0.0,0.0,0.0,0.0,0.0,272.6666666666667,0.0,1518.6666666666667,0.0,0.0,2.3129646346357427e-18,4.625929269271485e-18,0.0,0.0,0.0,0.14320006978802474,0.0,0.8486276360177397,15.666666666666666,0.008172294194235385,1807.0,1468.3333333333333,0.8208598098258338,47.0,0.025677007510851793,3.6666666666666665,0.002033858604838361,2022-01-12
0.0,0.0,0.0,0.0,0.0,0.0,0.0,188.33333333333334,0.0,1404.0,0.0,0.0,2.3129646346357427e-18,4.625929269271485e-18,0.0,0.0,0.0,0.11632431759342511,0.0,0.8773054129241419,10.333333333333334,0.006370269482432686,1602.6666666666667,1366.3333333333333,0.8530798292919562,35.666666666666664,0.022756075917270222,2.3333333333333335,0.0014746584707681278,2022-01-13
0.0,0.0,0.0,0.0,0.0,0.0,0.0,140.66666666666666,0.0,1267.6666666666667,0.0,0.0,2.3129646346357427e-18,4.625929269271485e-18,0.0,0.0,0.0,0.09804110229871556,0.0,0.8976057341440035,6.333333333333333,0.004353163557280784,1414.6666666666667,1226.0,0.8679434076038105,39.333333333333336,0.027945905245030583,1.3333333333333333,0.0009521924310607089,2022-01-14
0.0,0.0,0.0,0.0,0.0,0.0,0.0,105.66666666666667,0.0,1063.0,0.0,0.0,2.3129646346357427e-18,4.625929269271485e-18,0.0,0.0,0.0,0.079605144486315,0.0,0.9177561176238053,4.0,0.0026387378898793633,1172.6666666666667,1026.3333333333333,0.8844871331722803,36.0,0.03249713648807598,0.6666666666666666,0.0007423729568050569,2022-01-15
0.0,0.0,0.0,0.0,0.0,0.0,0.0,46.0,0.0,754.3333333333334,0.0,0.0,2.3129646346357427e-18,4.625929269271485e-18,0.0,0.0,0.0,0.05286384124897716,0.0,0.9460917970049065,0.6666666666666666,0.0010443617461160534,801.0,723.3333333333334,0.9043390668670405,30.333333333333332,0.04098088217441719,0.3333333333333333,0.0005249343832020997,2022-01-16
0.0,0.0,0.0,0.0,0.0,0.0,0.0,65.33333333333333,0.0,993.3333333333334,0.0,0.0,2.3129646346357427e-18,4.625929269271485e-18,0.0,0.0,0.0,0.053734304444001756,0.0,0.9448416809740888,1.6666666666666667,0.0014240145819092401,1060.3333333333333,942.3333333333334,0.8978429655025179,50.666666666666664,0.04647378108836874,0.6666666666666666,0.0006815759872121248,2022-01-17
0.0,0.0,0.0,0.0,0.0,0.0,0.0,70.66666666666667,0.0,1156.6666666666667,0.0,0.0,2.3129646346357427e-18,4.625929269271485e-18,0.0,0.0,0.0,0.05234520487654401,0.0,0.9459388949606943,2.0,0.001715900162761546,1229.3333333333333,1094.3333333333333,0.8950753386012397,62.333333333333336,0.05086355635945459,0.3333333333333333,0.00015664160401002505,2022-01-18
0.0,0.0,0.0,0.0,0.0,0.0,0.0,77.66666666666667,0.0,1368.6666666666667,0.0,0.0,2.3129646346357427e-18,4.625929269271485e-18,0.0,0.0,0.0,0.04859786488818365,0.0,0.9495551780081457,2.6666666666666665,0.0018469571036704147,1449.0,1293.6666666666667,0.8971774326986424,75.0,0.0523777453095034,0.3333333333333333,0.00015664160401002505,2022-01-19
0.0,0.0,0.0,0.0,0.0,0.0,0.0,52.333333333333336,0.0,1134.6666666666667,0.0,0.0,2.3129646346357427e-18,4.625929269271485e-18,0.0,0.0,0.0,0.04333652245334469,0.0,0.9554430868590247,1.3333333333333333,0.0012203906876303145,1188.3333333333333,1075.3333333333333,0.9050581579143563,59.333333333333336,0.05038492894466857,0.0,0.0,2022-01-20
0.0,0.0,0.0,0.0,0.0,0.0,0.0,47.333333333333336,0.0,1353.0,0.0,0.0,2.3129646346357427e-18,4.625929269271485e-18,0.0,0.0,0.0,0.03613066887731202,0.0,0.9629408260159097,1.0,0.0009285051067780087,1401.3333333333333,1278.0,0.9100428294144253,74.66666666666667,0.05271083583038217,0.3333333333333333,0.00018716077110237696,2022-01-21
0.0,0.0,0.0,0.0,0.0,0.0,0.0,38.333333333333336,0.0,1140.0,0.0,0.0,2.3129646346357427e-18,4.625929269271485e-18,0.0,0.0,0.0,0.035386499343203114,0.0,0.9646135006567967,0.0,0.0,1178.3333333333333,1075.0,0.9062832940310983,64.66666666666667,0.05814304585459613,0.3333333333333333,0.00018716077110237696,2022-01-22
